Longitude, Latitude co-ordinates of clicked points discretely defining the African continental divide. 
Used to release back trajectories. 
 
31  points defined in this file. 
 
 19.12322 -34.22660
 19.29632 -33.21880
 22.41216 -31.97928
 27.77831 -31.16817
 29.33623 -29.37430
 30.02863 -26.31366
 25.87419 -25.76931
 16.78635 -21.56930
 17.13255 -19.86936
 19.12322 -19.13510
 16.35359 -15.16634
 15.92084 -12.64615
 17.47876 -13.82565
 18.86357 -11.88498
 24.14317 -10.95177
 29.33623 -13.40506
 34.00998  -5.98819
 36.26030  -2.88208
 36.95271   1.87667
 37.99132   8.68112
 39.54923   9.62105
 39.11648  15.11400
 36.77960  15.44796
 36.17375  17.85249
 36.95271  18.75637
 34.87548  20.87330
 35.30824  22.16157
 34.18308  22.96083
 34.87548  24.07188
 31.50000  29.85387
 32.10586  30.30324
