Longitude, Latitude co-ordinates defining the African continental divide. 
Used to release back trajectories. 
 
134  points defined in this file. 
 
 19.12322 -34.22660
 19.29632 -33.21880
 20.07528 -32.91053
 20.85424 -32.60118
 21.63320 -32.29076
 22.41216 -31.97928
 23.17875 -31.86384
 23.94534 -31.74825
 24.71194 -31.63252
 25.47853 -31.51665
 26.24512 -31.40063
 27.01172 -31.28447
 27.77831 -31.16817
 28.29762 -30.57386
 28.81692 -29.97589
 29.33623 -29.37430
 29.50933 -28.61729
 29.68243 -27.85478
 29.85553 -27.08687
 30.02863 -26.31366
 29.19775 -26.20499
 28.36686 -26.09622
 27.53597 -25.98735
 26.70508 -25.87838
 25.87419 -25.76931
 25.17513 -25.45112
 24.47606 -25.13208
 23.77700 -24.81221
 23.07793 -24.49151
 22.37887 -24.16999
 21.67980 -23.84765
 20.98074 -23.52452
 20.28167 -23.20059
 19.58261 -22.87587
 18.88354 -22.55037
 18.18448 -22.22411
 17.48541 -21.89708
 16.78635 -21.56930
 16.95945 -20.72172
 17.13255 -19.86936
 18.12789 -19.50265
 19.12322 -19.13510
 18.66162 -18.47967
 18.20001 -17.82172
 17.73841 -17.16133
 17.27680 -16.49859
 16.81520 -15.83356
 16.35359 -15.16634
 16.20934 -14.32936
 16.06509 -13.48924
 15.92084 -12.64615
 16.69980 -13.23661
 17.47876 -13.82565
 17.94036 -13.18044
 18.40197 -12.53352
 18.86357 -11.88498
 19.61780 -11.75185
 20.37203 -11.61866
 21.12626 -11.48541
 21.88049 -11.35209
 22.63472 -11.21871
 23.38895 -11.08527
 24.14317 -10.95177
 24.88504 -11.30360
 25.62690 -11.65499
 26.36877 -12.00594
 27.11063 -12.35644
 27.85250 -12.70646
 28.59436 -13.05601
 29.33623 -13.40506
 29.76111 -12.73826
 30.18600 -12.06970
 30.61089 -11.39948
 31.03577 -10.72766
 31.46066 -10.05436
 31.88554  -9.37964
 32.31043  -8.70361
 32.73532  -8.02636
 33.16020  -7.34798
 33.58509  -6.66856
 34.00998  -5.98819
 34.46004  -5.36809
 34.91011  -4.74735
 35.36017  -4.12606
 35.81023  -3.50427
 36.26030  -2.88208
 36.37570  -2.08945
 36.49110  -1.29642
 36.60650  -0.50314
 36.72190   0.29024
 36.83730   1.08356
 36.95271   1.87667
 37.06811   2.63580
 37.18351   3.39447
 37.29891   4.15254
 37.41431   4.90988
 37.52971   5.66637
 37.64511   6.42186
 37.76051   7.17624
 37.87592   7.92937
 37.99132   8.68112
 38.77027   9.15140
 39.54923   9.62105
 39.48741  10.41248
 39.42559  11.20191
 39.36377  11.98918
 39.30194  12.77417
 39.24012  13.55673
 39.17830  14.33671
 39.11648  15.11400
 38.33752  15.22538
 37.55856  15.33670
 36.77960  15.44796
 36.57765  16.25280
 36.37570  17.05436
 36.17375  17.85249
 36.95271  18.75637
 36.43340  19.28822
 35.91410  19.81836
 35.39479  20.34673
 34.87548  20.87330
 35.30824  22.16157
 34.18308  22.96083
 34.87548  24.07188
 34.50043  24.72871
 34.12538  25.38209
 33.75032  26.03196
 33.37527  26.67824
 33.00022  27.32089
 32.62516  27.95983
 32.25011  28.59501
 31.87505  29.22637
 31.50000  29.85387
 32.10586  30.30324
