Longitude, Latitude co-ordinates of clicked points discretely defining the African and European continental divide. 
Used to release back trajectories. 
 
39  points defined in this file. 
 
 41.98000  40.08000
 38.21034  39.84599
 36.74854  39.07210
 37.78040  35.03065
 35.63069  33.48286
 33.91092  28.83949
 32.87907  30.12931
 31.67523  29.95734
 34.85680  24.11013
 34.16889  22.99228
 35.28674  21.96042
 35.02877  20.32665
 37.26447  18.43490
 36.06063  17.48903
 37.17848  15.08136
 39.15621  14.99537
 39.50017   9.49212
 37.86639   8.97619
 36.92052   2.26910
 35.28674  -2.71822
 32.62110  -4.09404
 33.82494  -6.75967
 30.55738 -13.38077
 23.93628 -10.80112
 18.60500 -11.91897
 17.48716 -13.89670
 16.36931 -12.34891
 16.36931 -15.18653
 19.20692 -19.22798
 17.05722 -20.00187
 16.36931 -21.63565
 23.16239 -23.87135
 25.91401 -25.84908
 30.21343 -26.36501
 29.00959 -29.80454
 27.89174 -31.26634
 22.38849 -32.04024
 19.20692 -33.41605
 20.22000 -35.00000
