Longitude, Latitude co-ordinates defining the African and Middle Eastern continental divide. 
Used to release back trajectories. 
 
253  points defined in this file. 
 
 41.98000  40.08000
 41.27766  40.03320
 40.57532  39.98640
 39.87299  39.93959
 39.17065  39.89279
 38.46831  39.84599
 38.46831  39.84599
 37.92372  39.58803
 37.37912  39.33006
 36.83453  39.07210
 36.83453  39.07210
 36.99422  38.47018
 37.15392  37.86826
 37.31361  37.26634
 37.47330  36.66443
 37.63299  36.06251
 37.79269  35.46059
 37.95238  34.85867
 37.95238  34.85867
 37.41495  34.57921
 36.87752  34.29975
 36.34010  34.02028
 35.80267  33.74082
 35.80267  33.74082
 35.58770  33.12815
 35.37273  32.51549
 35.15776  31.90282
 34.94279  31.29015
 34.72781  30.67749
 34.51284  30.06482
 34.29787  29.45216
 34.08290  28.83949
 34.08290  28.83949
 33.68162  29.24077
 33.28035  29.64204
 32.87907  30.04332
 32.87907  30.04332
 32.23416  29.91434
 31.58924  29.78536
 31.58924  29.78536
 31.92459  29.20064
 32.25995  28.61592
 32.59530  28.03120
 32.93066  27.44648
 33.26601  26.86175
 33.60136  26.27703
 33.93672  25.69231
 34.27207  25.10759
 34.60743  24.52287
 34.94278  23.93815
 34.94278  23.93815
 34.59883  23.37923
 34.25488  22.82031
 34.25488  22.82031
 34.81381  22.39036
 35.37273  21.96042
 35.37273  21.96042
 35.20075  21.50182
 35.02878  21.04321
 34.85680  20.58461
 34.85680  20.58461
 35.32114  20.18906
 35.78547  19.79352
 36.24981  19.39797
 36.71414  19.00243
 37.17848  18.60688
 37.17848  18.60688
 36.80586  18.29159
 36.43325  17.97630
 36.06063  17.66101
 36.06063  17.66101
 36.31860  17.14508
 36.57656  16.62915
 36.83453  16.11322
 37.09249  15.59729
 37.35046  15.08136
 37.35046  15.08136
 38.03837  15.05270
 38.72627  15.02403
 39.41418  14.99537
 39.41418  14.99537
 39.46195  14.39345
 39.50972  13.79153
 39.55749  13.18962
 39.60526  12.58770
 39.65304  11.98578
 39.70081  11.38386
 39.74858  10.78195
 39.79635  10.18003
 39.84412   9.57811
 39.84412   9.57811
 39.21354   9.32014
 38.58296   9.06218
 37.95238   8.80421
 37.95238   8.80421
 37.85076   8.19447
 37.74913   7.58474
 37.64751   6.97500
 37.54589   6.36527
 37.44427   5.75553
 37.34264   5.14580
 37.24102   4.53606
 37.13940   3.92633
 37.03778   3.31659
 36.93615   2.70686
 36.83453   2.09712
 36.83453   2.09712
 36.63031   1.49520
 36.42609   0.89329
 36.22186   0.29137
 36.01764  -0.31055
 35.81342  -0.91247
 35.60919  -1.51439
 35.40497  -2.11630
 35.20075  -2.71822
 35.20075  -2.71822
 34.70202  -2.97619
 34.20329  -3.23415
 33.70455  -3.49212
 33.20582  -3.75008
 32.70709  -4.00805
 32.70709  -4.00805
 32.93066  -4.54118
 33.15423  -5.07431
 33.37780  -5.60743
 33.60137  -6.14056
 33.82494  -6.67369
 33.82494  -6.67369
 33.68736  -7.25841
 33.54978  -7.84313
 33.41219  -8.42785
 33.27461  -9.01257
 33.13703  -9.59729
 33.13703  -9.59729
 32.76083 -10.08097
 32.38463 -10.56466
 32.00843 -11.04834
 31.63224 -11.53203
 31.25604 -12.01571
 30.87984 -12.49939
 30.50364 -12.98308
 30.12744 -13.46676
 30.12744 -13.46676
 29.53412 -13.20880
 28.94080 -12.95083
 28.34748 -12.69287
 27.75416 -12.43490
 27.16085 -12.17694
 26.56753 -11.91897
 25.97421 -11.66100
 25.38089 -11.40304
 24.78757 -11.14508
 24.19425 -10.88711
 24.19425 -10.88711
 23.57322 -11.01132
 22.95219 -11.13552
 22.33117 -11.25973
 21.71014 -11.38393
 21.08911 -11.50814
 20.46808 -11.63234
 19.84706 -11.75655
 19.22603 -11.88075
 18.60500 -12.00496
 18.60500 -12.00496
 18.34704 -12.49939
 18.08908 -12.99382
 17.83111 -13.48826
 17.57315 -13.98269
 17.57315 -13.98269
 17.20770 -13.55275
 16.84224 -13.12281
 16.47679 -12.69287
 16.11134 -12.26293
 16.11134 -12.26293
 16.06835 -12.92934
 16.02535 -13.59575
 15.98236 -14.26215
 15.93937 -14.92856
 15.93937 -14.92856
 16.33706 -15.42299
 16.73476 -15.91743
 17.13246 -16.41186
 17.53015 -16.90629
 17.92785 -17.40073
 18.32554 -17.89516
 18.72324 -18.38960
 19.12093 -18.88403
 19.12093 -18.88403
 18.64800 -19.16349
 18.17506 -19.44295
 17.70212 -19.72241
 17.22919 -20.00187
 17.22919 -20.00187
 16.97123 -20.54646
 16.71326 -21.09106
 16.45530 -21.63565
 16.45530 -21.63565
 17.12601 -21.84202
 17.79672 -22.04839
 18.46743 -22.25477
 19.13814 -22.46114
 19.80884 -22.66751
 20.47955 -22.87388
 21.15026 -23.08025
 21.82097 -23.28663
 22.49168 -23.49300
 23.16239 -23.69937
 23.16239 -23.69937
 23.63532 -24.07199
 24.10826 -24.44460
 24.58120 -24.81722
 25.05413 -25.18984
 25.52707 -25.56245
 26.00000 -25.93507
 26.00000 -25.93507
 26.67357 -26.00673
 27.34715 -26.07838
 28.02072 -26.15004
 28.69430 -26.22170
 29.36788 -26.29335
 30.04145 -26.36501
 30.04145 -26.36501
 29.86947 -26.96693
 29.69750 -27.56885
 29.52552 -28.17077
 29.35354 -28.77268
 29.18157 -29.37460
 29.00959 -29.97652
 29.00959 -29.97652
 28.63697 -30.43512
 28.26436 -30.89373
 27.89174 -31.35233
 27.89174 -31.35233
 27.20383 -31.43832
 26.51593 -31.52431
 25.82802 -31.61030
 25.14012 -31.69628
 24.45221 -31.78227
 23.76430 -31.86826
 23.07640 -31.95425
 22.38849 -32.04024
 22.38849 -32.04024
 21.75218 -32.28101
 21.11586 -32.52177
 20.47955 -32.76254
 19.84323 -33.00330
 19.20692 -33.24407
 19.20692 -33.24407
 19.55087 -33.84599
 19.89483 -34.44791
 20.23878 -35.04983
 20.23878 -35.04983
 20.22000 -35.00000
