Longitude, Latitude co-ordinates of clicked points discretely defining the African and Middle Eastern continental divide. 
Used to release back trajectories. 
 
41  points defined in this file. 
 
 41.98000  40.08000
 38.46831  39.84599
 36.83453  39.07210
 37.95238  34.85867
 35.80267  33.74082
 34.08290  28.83949
 32.87907  30.04332
 31.58924  29.78536
 34.94278  23.93815
 34.25488  22.82031
 35.37273  21.96042
 34.85680  20.58461
 37.17848  18.60688
 36.06063  17.66101
 37.35046  15.08136
 39.41418  14.99537
 39.84412   9.57811
 37.95238   8.80421
 36.83453   2.09712
 35.20075  -2.71822
 32.70709  -4.00805
 33.82494  -6.67369
 33.13703  -9.59729
 30.12744 -13.46676
 24.19425 -10.88711
 18.60500 -12.00496
 17.57315 -13.98269
 16.11134 -12.26293
 15.93937 -14.92856
 19.12093 -18.88403
 17.22919 -20.00187
 16.45530 -21.63565
 23.16239 -23.69937
 26.00000 -25.93507
 30.04145 -26.36501
 29.00959 -29.97652
 27.89174 -31.35233
 22.38849 -32.04024
 19.20692 -33.24407
 20.23878 -35.04983
 20.22000 -35.00000
