Longitude, Latitude co-ordinates defining the American continental divide. 
Used to release back trajectories. 
 
176  points defined in this file. 
 
-117.45000  52.03000
-116.91397  51.47730
-116.37794  50.92461
-115.84190  50.37191
-115.30587  49.81921
-114.76984  49.26652
-114.23381  48.71382
-113.69778  48.16112
-113.16175  47.60843
-112.62571  47.05573
-112.08968  46.50303
-112.08968  46.50303
-112.72467  46.23845
-113.35966  45.97387
-113.99465  45.70929
-113.99465  45.70929
-113.65070  45.23305
-113.30675  44.75681
-112.96279  44.28056
-112.96279  44.28056
-112.16906  44.38640
-111.37532  44.49223
-110.58158  44.59806
-110.58158  44.59806
-110.05242  44.06008
-109.52326  43.52210
-108.99410  42.98413
-108.46494  42.44615
-107.93578  41.90817
-107.40663  41.37019
-106.87747  40.83221
-106.34831  40.29423
-105.81915  39.75626
-105.81915  39.75626
-106.04593  39.15528
-106.27271  38.55431
-106.49950  37.95334
-106.72628  37.35236
-106.95306  36.75139
-107.17984  36.15042
-107.40663  35.54944
-107.63341  34.94847
-107.86019  34.34750
-108.08697  33.74652
-108.31375  33.14555
-108.54054  32.54458
-108.76732  31.94360
-108.99410  31.34263
-108.99410  31.34263
-108.74275  30.78701
-108.49140  30.23140
-108.24005  29.67578
-107.98870  29.12016
-107.73735  28.56455
-107.48600  28.00893
-107.48600  28.00893
-107.12882  27.42355
-106.77163  26.83817
-106.41445  26.25278
-106.05727  25.66740
-105.70009  25.08202
-105.34291  24.49664
-104.98572  23.91126
-104.62854  23.32587
-104.62854  23.32587
-104.06571  22.96508
-103.50288  22.60429
-102.94004  22.24350
-102.37721  21.88271
-101.81438  21.52192
-101.25155  21.16113
-100.68871  20.80034
-100.12588  20.43955
-99.56305  20.07876
-99.00022  19.71797
-98.43738  19.35718
-98.43738  19.35718
-97.94980  18.98299
-97.46222  18.60880
-96.97464  18.23461
-96.48705  17.86042
-95.99947  17.48623
-95.51189  17.11204
-95.02431  16.73785
-95.02431  16.73785
-94.41985  16.48751
-93.81538  16.23718
-93.21092  15.98685
-92.60646  15.73651
-92.00200  15.48618
-91.39753  15.23585
-90.79307  14.98552
-90.18861  14.73518
-89.58415  14.48485
-88.97969  14.23452
-88.37522  13.98418
-87.77076  13.73385
-87.16630  13.48352
-87.16630  13.48352
-86.82235  13.02050
-86.47839  12.55749
-86.13444  12.09448
-85.79049  11.63146
-85.44653  11.16845
-85.10258  10.70543
-85.10258  10.70543
-84.54696  10.34258
-83.99135   9.97973
-83.43573   9.61688
-82.88011   9.25403
-82.32450   8.89118
-81.76888   8.52832
-81.21326   8.16547
-81.21326   8.16547
-80.73702   8.44328
-80.26078   8.72109
-79.78453   8.99890
-79.30829   9.27671
-79.30829   9.27671
-78.79236   9.03858
-78.27643   8.80046
-78.27643   8.80046
-78.01185   8.19193
-77.74727   7.58340
-77.48269   6.97486
-77.21811   6.36633
-76.95353   5.75780
-76.68895   5.14927
-76.68895   5.14927
-76.25240   5.30801
-75.81584   5.46676
-75.81584   5.46676
-76.00634   4.83177
-76.19684   4.19678
-76.38733   3.56179
-76.57783   2.92680
-76.76833   2.29181
-76.76833   2.29181
-77.11228   1.76265
-77.45623   1.23349
-77.80019   0.70433
-78.14414   0.17517
-78.48809  -0.35399
-78.83205  -0.88314
-78.83205  -0.88314
-78.93126  -1.51813
-79.03048  -2.15313
-79.12970  -2.78812
-79.22892  -3.42311
-79.32813  -4.05810
-79.42735  -4.69309
-79.52657  -5.32808
-79.62579  -5.96307
-79.62579  -5.96307
-79.28712  -6.53456
-78.94846  -7.10605
-78.60980  -7.67754
-78.27114  -8.24904
-77.93248  -8.82053
-77.59382  -9.39202
-77.25515  -9.96351
-76.91649 -10.53500
-76.57783 -11.10649
-76.23917 -11.67798
-75.90051 -12.24948
-75.56185 -12.82097
-75.22318 -13.39246
-74.88452 -13.96395
-74.54586 -14.53544
-74.54586 -14.53544
-73.95988 -14.66620
-73.37391 -14.79696
-72.78793 -14.92772
-72.20195 -15.05848
-71.61598 -15.18924
-71.03000 -15.32000
