Longitude, Latitude co-ordinates defining the Atlantic sector of the Arctic Ocean drainage divide. 
Used to release back trajectories. 
 
34  points defined in this file. 

-117.45000  52.03000
-102.81610  58.88362
-107.80628  63.27498
-86.11562  67.06752
-83.52072  68.99705
-85.18412  70.52738
-75.27029  72.39038
-80.39354  74.71913
-78.59708  77.51363
-74.93761  78.64474
-72.62000  78.08000
-46.74378  77.10422
-44.38285  76.19617
-43.47480  78.67817
-27.09000  80.50000
 21.27000  80.50000
 21.27000  69.32000
 30.13084  67.67042
 30.24853  63.70283
 37.55489  62.56062
 37.57076  61.30242
 33.55532  58.80309
 35.54983  58.00078
 31.91573  56.91520
 35.93185  52.10860
 38.64235  54.00327
 41.06722  53.38878
 41.14607  51.96966
 43.04154  53.27486
 46.38323  52.29411
 44.23735  45.85608
 42.14267  43.59028
 43.91242  42.52150
 41.98000  40.08000
