Longitude, Latitude co-ordinates defining the Indian sector of the Arctic Ocean drainage divide. 
Used to release back trajectories. 
 
103  points defined in this file. 

 41.98000  40.08000
 42.72560  40.04611
 43.47120  40.01222
 43.88117  39.47118
 44.29114  38.93014
 44.70110  38.38910
 45.11107  37.84806
 45.52103  37.30703
 45.93100  36.76599
 46.34097  36.22495
 46.75093  35.68391
 47.16090  35.14288
 47.69006  34.66442
 48.21923  34.18596
 48.74839  33.70751
 49.27755  33.22905
 49.80671  32.75060
 50.33588  32.27214
 50.86504  31.79368
 51.39420  31.31523
 51.92336  30.83677
 52.15513  30.33812
 52.38689  29.83948
 52.61866  29.34083
 53.33072  29.17928
 54.04279  29.01774
 54.75485  28.85620
 55.46692  28.69465
 56.17898  28.53311
 56.89104  28.37157
 57.20320  27.84463
 57.51535  27.31769
 57.82751  26.79075
 58.56324  26.76834
 59.29897  26.74593
 60.03471  26.72352
 60.77044  26.70111
 61.50618  26.67871
 62.24191  26.65630
 62.97764  26.63389
 63.71338  26.61148
 64.44911  26.58907
 64.87695  27.02539
 65.30479  27.46171
 65.73263  27.89803
 66.16047  28.33435
 66.58831  28.77068
 66.90205  29.31529
 67.21580  29.85990
 67.52954  30.40451
 67.84329  30.94913
 68.15703  31.49374
 68.47078  32.03835
 68.78452  32.58297
 69.09827  33.12758
 69.41201  33.67219
 68.72484  33.74049
 68.03766  33.80879
 67.35048  33.87709
 67.66214  34.31361
 67.97380  34.75013
 68.28545  35.18665
 68.98544  35.38847
 69.68542  35.59029
 70.38540  35.79211
 71.08539  35.99393
 71.78537  36.19575
 72.48535  36.39757
 73.18534  36.59939
 73.88532  36.80121
 74.58530  37.00304
 75.29698  36.70699
 76.00865  36.41095
 76.72032  36.11491
 77.43199  35.81887
 78.14367  35.52283
 78.85534  35.22678
 79.56701  34.93074
 80.27868  34.63470
 80.55823  34.06470
 80.83777  33.49470
 81.11732  32.92471
 81.39686  32.35471
 81.67640  31.78471
 81.95595  31.21471
 82.23549  30.64471
 83.00808  30.66161
 83.78067  30.67851
 84.55326  30.69540
 85.32586  30.71230
 86.09845  30.72919
 86.87104  30.74609
 87.64363  30.76299
 88.41622  30.77988
 89.18881  30.79678
 89.96140  30.81367
 90.73399  30.83057
 91.50658  30.84747
 91.28602  31.33075
 91.06546  31.81404
 90.84490  32.29733
 91.51245  32.50366
 92.18000  32.71000
