Longitude, Latitude co-ordinates defining the Pacific sector of the Arctic Ocean drainage divide. 
Used to release back trajectories. 
 
38  points defined in this file. 

 92.18000  32.71000
 90.43512  34.05373
 91.27033  35.78915
 95.85808  35.05619
 98.92800  34.79220
101.01519  36.42458
100.60448  37.69951
103.16417  37.08205
105.76789  38.36797
106.62842  41.40686
114.72321  41.08839
120.12058  46.45622
114.89355  48.07789
108.78166  46.34969
107.35527  47.70771
116.68892  53.99275
124.60384  55.37231
135.28142  55.61040
138.56922  57.39702
139.77543  59.77602
140.86872  62.49869
149.71641  60.40108
153.24060  60.48069
156.82793  62.98960
163.15773  63.35381
173.77510  68.50762
-174.58000  65.61848
-172.18419  66.42216
-169.03000  65.77000
-159.23844  65.47066
-149.85689  67.99902
-136.81588  68.39823
-135.88438  66.13602
-140.47535  65.13798
-130.82766  64.27301
-129.16427  62.07733
-132.15838  60.94623
-117.45000  52.03000
