Longitude, Latitude co-ordinates defining the Bering Strait to Greenland part of the Arctic Ocean drainage divide. 
Used to release back trajectories. 
 
148  points defined in this file. 
 
-169.03000  65.77000
-167.63121  65.72724
-166.23241  65.68447
-164.83362  65.64171
-163.43482  65.59895
-162.03603  65.55618
-160.63723  65.51342
-159.23844  65.47066
-159.23844  65.47066
-157.89822  65.83185
-156.55800  66.19305
-155.21778  66.55424
-153.87756  66.91544
-152.53733  67.27663
-151.19711  67.63782
-149.85689  67.99902
-149.85689  67.99902
-148.22677  68.04892
-146.59664  68.09882
-144.96651  68.14872
-143.33639  68.19863
-141.70626  68.24853
-140.07613  68.29843
-138.44601  68.34833
-136.81588  68.39823
-136.81588  68.39823
-136.58301  67.83268
-136.35013  67.26712
-136.11726  66.70157
-135.88438  66.13602
-135.88438  66.13602
-137.03212  65.88651
-138.17986  65.63700
-139.32761  65.38749
-140.47535  65.13798
-140.47535  65.13798
-139.09711  65.01441
-137.71887  64.89085
-136.34063  64.76728
-134.96238  64.64371
-133.58414  64.52015
-132.20590  64.39658
-130.82766  64.27301
-130.82766  64.27301
-130.41181  63.72409
-129.99596  63.17517
-129.58012  62.62625
-129.16427  62.07733
-129.16427  62.07733
-130.16230  61.70030
-131.16034  61.32326
-132.15838  60.94623
-132.15838  60.94623
-131.34124  60.45088
-130.52411  59.95553
-129.70698  59.46019
-128.88985  58.96484
-128.07272  58.46950
-127.25558  57.97415
-126.43845  57.47880
-125.62132  56.98346
-124.80419  56.48811
-123.98706  55.99277
-123.16992  55.49742
-122.35279  55.00208
-121.53566  54.50673
-120.71853  54.01138
-119.90140  53.51604
-119.08426  53.02069
-118.26713  52.52535
-117.45000  52.03000
-117.45000  52.03000
-116.53538  52.45835
-115.62076  52.88670
-114.70614  53.31505
-113.79152  53.74340
-112.87691  54.17176
-111.96229  54.60011
-111.04767  55.02846
-110.13305  55.45681
-109.21843  55.88516
-108.30381  56.31351
-107.38919  56.74186
-106.47457  57.17021
-105.55996  57.59856
-104.64534  58.02691
-103.73072  58.45527
-102.81610  58.88362
-102.81610  58.88362
-103.43987  59.43254
-104.06365  59.98146
-104.68742  60.53038
-105.31119  61.07930
-105.93496  61.62822
-106.55874  62.17714
-107.18251  62.72606
-107.80628  63.27498
-107.80628  63.27498
-106.36024  63.52781
-104.91419  63.78065
-103.46815  64.03349
-102.02211  64.28632
-100.57606  64.53916
-99.13002  64.79199
-97.68397  65.04483
-96.23793  65.29767
-94.79188  65.55050
-93.34584  65.80334
-91.89980  66.05617
-90.45375  66.30901
-89.00771  66.56185
-87.56166  66.81468
-86.11562  67.06752
-86.11562  67.06752
-85.46690  67.54990
-84.81817  68.03229
-84.16945  68.51467
-83.52072  68.99705
-83.52072  68.99705
-84.07519  69.50716
-84.62965  70.01727
-85.18412  70.52738
-85.18412  70.52738
-83.53181  70.83788
-81.87951  71.14838
-80.22720  71.45888
-78.57490  71.76938
-76.92259  72.07988
-75.27029  72.39038
-75.27029  72.39038
-76.29494  72.85613
-77.31959  73.32188
-78.34424  73.78763
-79.36889  74.25338
-80.39354  74.71913
-80.39354  74.71913
-80.03425  75.27803
-79.67496  75.83693
-79.31566  76.39583
-78.95637  76.95473
-78.59708  77.51363
-78.59708  77.51363
-77.37725  77.89067
-76.15743  78.26771
-74.93761  78.64474
-74.93761  78.64474
-73.77880  78.36237
-72.62000  78.08000
