Longitude, Latitude co-ordinates defining the European continental divide. 
Used to release back trajectories. 
 
118  points defined in this file. 

 32.33486  30.12117
 33.16350  30.17235
 33.16350  30.17235
 33.54823  29.60788
 33.93296  29.04023
 33.93296  29.04023
 34.16126  29.68137
 34.38956  30.31844
 34.61786  30.95140
 34.84616  31.58019
 35.07446  32.20477
 35.30276  32.82509
 35.53106  33.44111
 35.53106  33.44111
 36.28079  33.96633
 37.03052  34.48834
 37.78024  35.00709
 37.78024  35.00709
 37.63650  35.62804
 37.49275  36.24419
 37.34901  36.85553
 37.20527  37.46201
 37.06152  38.06362
 36.91778  38.66032
 36.77403  39.25208
 36.77403  39.25208
 37.57731  39.40905
 38.38059  39.56567
 39.18387  39.72193
 39.98715  39.87785
 40.79043  40.03340
 41.59371  40.18861
 42.39698  40.34345
 42.39698  40.34345
 42.42658  41.08370
 42.45617  41.81570
 42.45617  41.81570
 43.40320  41.81570
 43.40320  41.81570
 43.99509  42.69188
 43.99509  42.69188
 43.16644  42.97401
 42.33780  43.25486
 42.33780  44.61868
 42.33780  44.61868
 43.02833  45.02452
 43.71887  45.42749
 44.40941  45.82761
 44.40941  45.82761
 44.53689  46.35806
 44.66438  46.88341
 44.79186  47.40366
 44.91935  47.91883
 45.04683  48.42892
 45.17431  48.93394
 45.30180  49.43390
 45.42928  49.92881
 45.55677  50.41870
 45.68425  50.90357
 45.81173  51.38344
 45.93922  51.85834
 46.06670  52.32827
 46.06670  52.32827
 45.23806  52.56277
 44.40941  52.79602
 43.58076  53.02802
 42.75212  53.25879
 42.75212  53.25879
 42.25888  52.86754
 41.76564  52.47272
 41.27239  52.07434
 41.27239  52.07434
 41.15402  52.59274
 41.03564  53.10508
 40.91726  53.61139
 40.91726  53.61139
 39.97024  53.73995
 39.02321  53.86812
 38.07619  53.99589
 38.07619  53.99589
 37.46950  53.58505
 36.86281  53.17018
 36.25613  52.75126
 35.64944  52.32827
 35.64944  52.32827
 35.33377  52.74827
 35.01809  53.16427
 34.70242  53.57627
 34.38674  53.98429
 34.07107  54.38835
 33.75539  54.78848
 33.43972  55.18468
 33.12404  55.57699
 32.80837  55.96541
 32.49270  56.34997
 32.17702  56.73070
 31.86135  57.10761
 31.86135  57.10761
 32.60121  57.25197
 33.34107  57.39577
 33.34107  57.39577
 34.22891  57.76071
 35.11674  58.12199
 35.11674  58.12199
 34.58404  58.43321
 34.05134  58.74170
 33.51864  59.04747
 33.51864  59.04747
 34.00695  59.36941
 34.49526  59.68831
 34.98356  60.00421
 35.47187  60.31712
 35.96018  60.62706
 36.44849  60.93405
 36.93680  61.23811
 37.42511  61.53926
