Longitude, Latitude co-ordinates defining the Greenland to Scandanavia part of the Arctic Ocean drainage divide. 
Used to release back trajectories. 
 
 51  points defined in this file. 
 
-72.62000  78.08000
-69.74486  77.97158
-66.86973  77.86316
-63.99459  77.75474
-61.11946  77.64632
-58.24432  77.53790
-55.36919  77.42948
-52.49405  77.32106
-49.61892  77.21264
-46.74378  77.10422
-45.56332  76.65020
-44.38285  76.19617
-44.15584  76.81667
-43.92883  77.43717
-43.70182  78.05767
-43.47480  78.67817
-40.74400  78.98181
-38.01320  79.28545
-35.28240  79.58909
-32.55160  79.89272
-29.82080  80.19636
-27.09000  80.50000
-23.06000  80.50000
-19.03000  80.50000
-15.00000  80.50000
-10.97000  80.50000
 -6.94000  80.50000
 -2.91000  80.50000
  1.12000  80.50000
  5.15000  80.50000
  9.18000  80.50000
 13.21000  80.50000
 17.24000  80.50000
 21.27000  80.50000
 21.27000  79.84235
 21.27000  79.18471
 21.27000  78.52706
 21.27000  77.86941
 21.27000  77.21176
 21.27000  76.55412
 21.27000  75.89647
 21.27000  75.23882
 21.27000  74.58118
 21.27000  73.92353
 21.27000  73.26588
 21.27000  72.60824
 21.27000  71.95059
 21.27000  71.29294
 21.27000  70.63529
 21.27000  69.97765
 21.27000  69.32000
