Longitude, Latitude co-ordinates defining the La Plata basin continental divide. 
Used to release back trajectories. 
 
286  points defined in this file. 
 
-70.37000 -35.00000
-70.25154 -34.36551
-70.13309 -33.73102
-70.01463 -33.09653
-69.89618 -32.46203
-69.77772 -31.82754
-69.65926 -31.19305
-69.54081 -30.55856
-69.42235 -29.92407
-69.30390 -29.28958
-69.18544 -28.65508
-69.06698 -28.02059
-68.94853 -27.38610
-68.83007 -26.75161
-68.71162 -26.11712
-68.59316 -25.48263
-68.47470 -24.84813
-68.35625 -24.21364
-68.23779 -23.57915
-68.11934 -22.94466
-67.41535 -22.84300
-66.71135 -22.74133
-66.00736 -22.63967
-65.30337 -22.53801
-64.59938 -22.43635
-63.89539 -22.33469
-63.19140 -22.23302
-62.48741 -22.13136
-61.78342 -22.02970
-61.07942 -21.92804
-60.37543 -21.82638
-59.67144 -21.72471
-58.96745 -21.62305
-58.26346 -21.52139
-57.55947 -21.41973
-56.85548 -21.31806
-56.15149 -21.21640
-55.44750 -21.11474
-54.74350 -21.01308
-54.03951 -20.91142
-53.33552 -20.80975
-52.63153 -20.70809
-51.92754 -20.60643
-51.22355 -20.50477
-50.51956 -20.40311
-49.81557 -20.30144
-49.11158 -20.19978
-48.40758 -20.09812
-47.70359 -19.99646
-46.99960 -19.89480
-46.29561 -19.79313
-45.59162 -19.69147
-44.88763 -19.58981
-44.18364 -19.48815
-43.47965 -19.38648
-42.77565 -19.28482
-42.07166 -19.18316
-41.36767 -19.08150
-40.66368 -18.97984
-39.95969 -18.87817
-39.25570 -18.77651
-38.55171 -18.67485
-37.84772 -18.57319
-37.14373 -18.47153
-36.43973 -18.36986
-35.73574 -18.26820
-35.03175 -18.16654
-34.32776 -18.06488
-33.62377 -17.96322
-32.91978 -17.86155
-32.21579 -17.75989
-31.51180 -17.65823
-30.80781 -17.55657
-30.10381 -17.45490
-29.39982 -17.35324
-28.69583 -17.25158
-27.99184 -17.14992
-27.28785 -17.04826
-26.58386 -16.94659
-25.87987 -16.84493
-25.17588 -16.74327
-24.47188 -16.64161
-23.76789 -16.53995
-23.06390 -16.43828
-22.35991 -16.33662
-21.65592 -16.23496
-20.95193 -16.13330
-20.24794 -16.03163
-19.54395 -15.92997
-18.83996 -15.82831
-18.13596 -15.72665
-17.43197 -15.62499
-16.72798 -15.52332
-16.02399 -15.42166
-15.32000 -15.32000
-16.01547 -15.30398
-16.71095 -15.28797
-17.40642 -15.27195
-18.10190 -15.25594
-18.79737 -15.23992
-19.49284 -15.22391
-20.18832 -15.20789
-20.88379 -15.19188
-21.57926 -15.17586
-22.27474 -15.15985
-22.97021 -15.14383
-23.66569 -15.12782
-24.36116 -15.11180
-25.05663 -15.09579
-25.75211 -15.07977
-26.44758 -15.06375
-27.14305 -15.04774
-27.83853 -15.03172
-28.53400 -15.01571
-29.22948 -14.99969
-29.92495 -14.98368
-30.62042 -14.96766
-31.31590 -14.95165
-32.01137 -14.93563
-32.70684 -14.91962
-33.40232 -14.90360
-34.09779 -14.88759
-34.79327 -14.87157
-35.48874 -14.85556
-36.18421 -14.83954
-36.87969 -14.82353
-37.57516 -14.80751
-38.27064 -14.79149
-38.96611 -14.77548
-39.66158 -14.75946
-40.35706 -14.74345
-41.05253 -14.72743
-41.74800 -14.71142
-42.44348 -14.69540
-43.13895 -14.67939
-43.83443 -14.66337
-44.52990 -14.64736
-45.22537 -14.63134
-45.92085 -14.61533
-46.61632 -14.59931
-47.31179 -14.58330
-48.00727 -14.56728
-48.70274 -14.55126
-49.39822 -14.53525
-50.09369 -14.51923
-50.78916 -14.50322
-51.48464 -14.48720
-52.18011 -14.47119
-52.87558 -14.45517
-53.57106 -14.43916
-54.26653 -14.42314
-54.96201 -14.40713
-55.65748 -14.39111
-56.35295 -14.37510
-57.04843 -14.35908
-57.74390 -14.34307
-58.43938 -14.32705
-59.13485 -14.31104
-59.83032 -14.29502
-60.52580 -14.27900
-61.22127 -14.26299
-61.91674 -14.24697
-62.61222 -14.23096
-63.30769 -14.21494
-64.00317 -14.19893
-64.69864 -14.18291
-65.39411 -14.16690
-66.08959 -14.15088
-66.78506 -14.13487
-67.48053 -14.11885
-68.17601 -14.10284
-68.87148 -14.08682
-69.56696 -14.07081
-70.26243 -14.05479
-69.82282 -14.56156
-69.38321 -15.06833
-68.94360 -15.57510
-68.50399 -16.08188
-68.06439 -16.58865
-67.62478 -17.09542
-67.18517 -17.60219
-66.74556 -18.10896
-66.30595 -18.61573
-65.86634 -19.12250
-65.42673 -19.62928
-64.98712 -20.13605
-64.54751 -20.64282
-63.99190 -20.38202
-63.43628 -20.12122
-62.88066 -19.86042
-62.32505 -19.59962
-61.76943 -19.33882
-61.21381 -19.07802
-60.65820 -18.81722
-60.38606 -18.21625
-60.11392 -17.61527
-59.84178 -17.01430
-59.56964 -16.41333
-59.29750 -15.81235
-59.02536 -15.21138
-58.75322 -14.61041
-58.06532 -14.66332
-57.37741 -14.71624
-56.68951 -14.76915
-56.00160 -14.82207
-55.31369 -14.87499
-54.62579 -14.92790
-54.37179 -15.49939
-54.11779 -16.07089
-53.86380 -16.64238
-53.60980 -17.21387
-53.35580 -17.78536
-52.72081 -17.54724
-52.08582 -17.30912
-51.45083 -17.07100
-50.81584 -16.83287
-50.18085 -16.59475
-49.54586 -16.35663
-48.91087 -16.11851
-48.27588 -15.88039
-47.64089 -15.64227
-47.46230 -16.25741
-47.28371 -16.87256
-47.10512 -17.48771
-46.92652 -18.10286
-46.74793 -18.71800
-46.56934 -19.33315
-46.39075 -19.94830
-46.21216 -20.56344
-45.51764 -20.70235
-44.82312 -20.84125
-44.12860 -20.98016
-43.43408 -21.11906
-44.01134 -21.47985
-44.58860 -21.84064
-45.16587 -22.20143
-45.74313 -22.56222
-46.32040 -22.92301
-46.89766 -23.28380
-47.47493 -23.64459
-48.05219 -24.00538
-48.62945 -24.36617
-49.20672 -24.72696
-49.78398 -25.08775
-49.85013 -25.69628
-49.91627 -26.30482
-49.98242 -26.91335
-50.04856 -27.52188
-50.11471 -28.13042
-50.18085 -28.73895
-50.79997 -28.61195
-51.41908 -28.48495
-52.03820 -28.35795
-52.65731 -28.23096
-53.27643 -28.10396
-53.84913 -27.69157
-54.42182 -27.27919
-54.99452 -26.86680
-55.56721 -26.45441
-56.13991 -26.04203
-56.71261 -25.62964
-57.28530 -25.21726
-57.85800 -24.80487
-58.43069 -24.39249
-59.00339 -23.98010
-59.57608 -23.56771
-60.14878 -23.15533
-60.72148 -22.74294
-61.29417 -22.33056
-61.86687 -21.91817
-62.43956 -21.50579
-63.01226 -21.09340
-63.58495 -20.68101
-64.15765 -20.26863
-64.73035 -19.85624
-65.30304 -19.44386
-65.87574 -19.03147
-66.44843 -18.61909
-67.02113 -18.20670
-67.59383 -17.79431
-68.16652 -17.38193
-68.73922 -16.96954
-69.31191 -16.55716
-69.88461 -16.14477
-70.45730 -15.73239
-71.03000 -15.32000
