Longitude, Latitude co-ordinates defining the La Plata basin (Atlantic sector) continental divide. 
Used to release back trajectories. 
 
151  points defined in this file. 
 
-71.03000 -15.32000
-70.95508 -14.72612
-70.88017 -14.13223
-70.88017 -14.13223
-70.33447 -14.18680
-69.78878 -14.24137
-69.78878 -14.24137
-69.41690 -14.77494
-69.04502 -15.30851
-68.67313 -15.84208
-68.30125 -16.37565
-67.92937 -16.90922
-67.55749 -17.44278
-67.18561 -17.97635
-66.81373 -18.50992
-66.44185 -19.04349
-66.44185 -19.04349
-65.93253 -18.89797
-65.42322 -18.75245
-65.42322 -18.75245
-65.08670 -19.18901
-64.75019 -19.62556
-64.41368 -20.06212
-64.07717 -20.49868
-64.07717 -20.49868
-63.48903 -20.21370
-62.90089 -19.92873
-62.31275 -19.64375
-61.72462 -19.35878
-61.13648 -19.07381
-60.54834 -18.78883
-60.54834 -18.78883
-60.37857 -18.25526
-60.20880 -17.72170
-60.03903 -17.18813
-60.03903 -17.18813
-60.40282 -16.89709
-60.76662 -16.60605
-60.76662 -16.60605
-60.12997 -16.38777
-59.49333 -16.16950
-59.49333 -16.16950
-59.26293 -15.62380
-59.03252 -15.07811
-58.80212 -14.53241
-58.80212 -14.53241
-58.19925 -14.57399
-57.59639 -14.61556
-56.99353 -14.65714
-56.39066 -14.69872
-55.78780 -14.74029
-55.18494 -14.78187
-54.58207 -14.82345
-54.58207 -14.82345
-54.98225 -15.20543
-55.38243 -15.58742
-55.38243 -15.58742
-54.87311 -15.67231
-54.36380 -15.75719
-53.85448 -15.84208
-53.85448 -15.84208
-53.67258 -16.48479
-53.49068 -17.12749
-53.30879 -17.77020
-53.30879 -17.77020
-52.67416 -17.52767
-52.03954 -17.28514
-51.40492 -17.04261
-50.77029 -16.80008
-50.13567 -16.55755
-49.50105 -16.31501
-48.86642 -16.07248
-48.23180 -15.82995
-47.59718 -15.58742
-47.59718 -15.58742
-47.38929 -16.16950
-47.18141 -16.75157
-46.97353 -17.33365
-46.76564 -17.91572
-46.55776 -18.49780
-46.34987 -19.07987
-46.14199 -19.66194
-46.14199 -19.66194
-46.41484 -19.98936
-46.68769 -20.31678
-46.68769 -20.31678
-46.06196 -20.46230
-45.43623 -20.60782
-44.81049 -20.75333
-44.18476 -20.89885
-43.55903 -21.04437
-43.55903 -21.04437
-44.03197 -21.42030
-44.50491 -21.79622
-44.97784 -22.17214
-45.45078 -22.54807
-45.92371 -22.92399
-46.39665 -23.29991
-46.39665 -23.29991
-45.70543 -23.51819
-45.70543 -23.51819
-46.34572 -23.70009
-46.98600 -23.88199
-47.62628 -24.06388
-48.26656 -24.24578
-48.90685 -24.42768
-48.90685 -24.42768
-49.48892 -24.73691
-50.07100 -25.04614
-50.07100 -25.04614
-49.54349 -25.24622
-49.01599 -25.44631
-49.01599 -25.44631
-49.25245 -26.04658
-49.48892 -26.64684
-49.48892 -26.64684
-49.88910 -26.50132
-50.28927 -26.35580
-50.28927 -26.35580
-50.32565 -26.79236
-50.36203 -27.22892
-50.36203 -27.22892
-49.81634 -27.57452
-49.27064 -27.92013
-49.27064 -27.92013
-49.65263 -28.32031
-50.03462 -28.72048
-50.03462 -28.72048
-50.65307 -28.57496
-51.27152 -28.42945
-51.88998 -28.28393
-52.50843 -28.13841
-53.12689 -27.99289
-53.12689 -27.99289
-53.43248 -28.48765
-53.73807 -28.98242
-54.04366 -29.47718
-54.34924 -29.97194
-54.65483 -30.46671
-54.65483 -30.46671
-54.23647 -30.88507
-53.81810 -31.30344
-53.81810 -31.30344
-54.13097 -31.82731
-54.44383 -32.35117
-54.75670 -32.87504
-55.06956 -33.39891
-55.38243 -33.92278
-55.38243 -33.92278
-55.19121 -34.46139
-55.00000 -35.00000
