Longitude, Latitude co-ordinates of clicked points discretely defining the La Plata basin (Atlantic sector) continental divide. 
Used to release back trajectories. 
 
34  points defined in this file. 
 
-71.03000 -15.32000
-70.88017 -14.13223
-69.78878 -14.24137
-66.44185 -19.04349
-65.42322 -18.75245
-64.07717 -20.49868
-60.54834 -18.78883
-60.03903 -17.18813
-60.76662 -16.60605
-59.49333 -16.16950
-58.80212 -14.53241
-54.58207 -14.82345
-55.38243 -15.58742
-53.85448 -15.84208
-53.30879 -17.77020
-47.59718 -15.58742
-46.14199 -19.66194
-46.68769 -20.31678
-43.55903 -21.04437
-46.39665 -23.29991
-45.70543 -23.51819
-48.90685 -24.42768
-50.07100 -25.04614
-49.01599 -25.44631
-49.48892 -26.64684
-50.28927 -26.35580
-50.36203 -27.22892
-49.27064 -27.92013
-50.03462 -28.72048
-53.12689 -27.99289
-54.65483 -30.46671
-53.81810 -31.30344
-55.38243 -33.92278
-55.00000 -35.00000
