Longitude, Latitude co-ordinates defining the La Plata basin continental divide. 
Used to release back trajectories. 
 
127  points defined in this file. 
 
-70.37000 -35.00000
-70.23173 -34.34790
-70.09347 -33.69579
-69.95520 -33.04369
-69.81694 -32.39159
-69.67867 -31.73949
-69.54040 -31.08738
-69.40214 -30.43528
-69.26387 -29.78318
-69.12561 -29.13108
-68.98734 -28.47897
-68.84908 -27.82687
-68.71081 -27.17477
-68.57254 -26.52267
-68.43428 -25.87056
-68.29601 -25.21846
-68.15775 -24.56636
-68.01948 -23.91426
-67.88121 -23.26215
-68.12343 -22.65122
-68.36564 -22.04028
-68.60786 -21.42935
-68.85007 -20.81841
-69.09229 -20.20748
-69.33450 -19.59654
-69.57671 -18.98561
-69.81893 -18.37467
-70.06114 -17.76374
-70.30336 -17.15280
-70.54557 -16.54187
-70.78779 -15.93093
-71.03000 -15.32000
-70.77414 -14.81889
-70.51829 -14.31778
-70.26243 -13.81667
-69.82893 -14.34786
-69.39542 -14.87906
-68.96192 -15.41025
-68.52842 -15.94144
-68.09491 -16.47264
-67.66141 -17.00383
-67.22791 -17.53503
-66.79440 -18.06622
-66.36090 -18.59742
-65.92740 -19.12861
-65.49389 -19.65980
-65.06039 -20.19100
-64.62689 -20.72219
-64.04859 -20.43871
-63.47030 -20.15524
-62.89200 -19.87176
-62.31371 -19.58828
-61.73541 -19.30480
-61.15712 -19.02132
-60.57882 -18.73785
-60.31802 -18.13687
-60.05722 -17.53590
-59.79642 -16.93493
-59.53562 -16.33395
-59.27482 -15.73298
-59.01402 -15.13201
-58.75322 -14.53103
-58.06532 -14.57072
-57.37741 -14.61041
-56.68951 -14.65009
-56.00160 -14.68978
-55.31369 -14.72947
-54.62579 -14.76915
-54.35591 -15.35652
-54.08604 -15.94389
-53.81617 -16.53125
-53.54630 -17.11862
-53.27643 -17.70599
-52.65026 -17.45905
-52.02409 -17.21210
-51.39792 -16.96516
-50.77175 -16.71822
-50.14557 -16.47128
-49.51940 -16.22434
-48.89323 -15.97740
-48.26706 -15.73046
-47.64089 -15.48352
-47.44245 -16.11851
-47.24402 -16.75350
-47.04558 -17.38849
-46.84715 -18.02348
-46.64872 -18.65847
-46.45028 -19.29346
-46.25185 -19.92845
-46.05341 -20.56344
-45.39858 -20.68250
-44.74374 -20.80157
-44.08891 -20.92063
-43.43408 -21.03969
-44.01134 -21.37883
-44.58860 -21.71797
-45.16587 -22.05712
-45.74313 -22.39626
-46.32040 -22.73540
-46.89766 -23.07454
-47.47493 -23.41369
-48.05219 -23.75283
-48.62945 -24.09197
-49.20672 -24.43111
-49.78398 -24.77026
-49.81044 -25.40525
-49.83690 -26.04024
-49.86336 -26.67523
-49.88981 -27.31022
-49.91627 -27.94521
-49.94273 -28.58020
-50.64122 -28.50083
-51.33971 -28.42145
-52.03820 -28.34208
-52.73669 -28.26271
-53.43518 -28.18333
-53.57743 -28.80303
-53.71969 -29.42273
-53.86195 -30.04242
-54.00420 -30.66212
-54.14646 -31.28182
-54.28872 -31.90151
-54.43097 -32.52121
-54.57323 -33.14091
-54.71549 -33.76061
-54.85774 -34.38030
-55.00000 -35.00000
