Longitude, Latitude co-ordinates defining the Levang & Schmitt (2015) Maritime Continent continental divide. 
Used to release back trajectories. 
 
82  points defined in this file. 
 
101.99829   2.85244
101.72569   2.46112
101.45310   2.06979
101.18050   1.67847
101.18050   1.05501
101.18050   0.43155
101.18050  -0.19192
101.18050  -0.81538
101.18050  -1.43884
101.18050  -2.06230
101.83302  -2.06230
102.48555  -2.06230
103.13807  -2.06230
103.79059  -2.06230
104.44311  -2.06230
105.09564  -2.06230
105.74816  -2.06230
106.40068  -2.06230
107.05320  -2.06230
107.70573  -2.06230
108.35825  -2.06230
109.01077  -2.06230
109.66329  -2.06230
110.31582  -2.06230
110.96834  -2.06230
111.62086  -2.06230
112.27338  -2.06230
112.92591  -2.06230
113.57843  -2.06230
114.23095  -2.06230
114.88347  -2.06230
115.53599  -2.06230
116.18852  -2.06230
116.84104  -2.06230
117.49356  -2.06230
118.14608  -2.06230
118.79861  -2.06230
119.45113  -2.06230
119.68112  -2.55925
119.91111  -3.05620
120.14110  -3.55315
120.81259  -3.55315
121.48409  -3.55315
122.15558  -3.55315
122.82708  -3.55315
123.49857  -3.55315
124.17007  -3.55315
124.84156  -3.55315
125.51306  -3.55315
126.18455  -3.55315
126.85605  -3.55315
127.52754  -3.55315
128.19904  -3.55315
128.87053  -3.55315
129.54203  -3.55315
130.21352  -3.55315
130.88502  -3.55315
131.55651  -3.55315
132.22801  -3.55315
132.89950  -3.55315
133.57100  -3.55315
134.24249  -3.55315
134.80413  -3.67364
135.36577  -3.79412
135.92741  -3.91461
136.48905  -4.03510
137.05068  -4.15559
137.61232  -4.27607
138.09227  -4.11609
138.57221  -3.95611
139.05215  -3.79613
139.57882  -4.08181
140.10549  -4.36749
140.63215  -4.65317
141.15882  -4.93885
141.68549  -5.22453
142.21216  -5.51021
142.21216  -6.13754
142.21216  -6.76486
142.21216  -7.39219
142.21216  -8.01951
142.21216  -8.64684
