Longitude, Latitude co-ordinates defining the North Asian continental divide. 
Used to release back trajectories. 
 
133  points defined in this file. 
 
 37.57076  61.30242
 37.95711  60.74111
 38.34346  60.17981
 38.72980  59.61850
 39.11615  59.05719
 39.50250  58.49589
 39.50250  58.49589
 40.74329  58.68789
 41.98407  58.87990
 43.22486  59.07191
 44.46565  59.26391
 45.70643  59.45592
 46.94722  59.64792
 48.18801  59.83993
 49.42879  60.03194
 50.66958  60.22394
 51.91037  60.41595
 53.15115  60.60795
 54.39194  60.79996
 55.63273  60.99196
 56.87351  61.18397
 58.11430  61.37598
 59.35509  61.56798
 59.35509  61.56798
 59.45225  60.94212
 59.54941  60.31626
 59.64658  59.69040
 59.74374  59.06454
 59.84090  58.43867
 59.93806  57.81281
 60.03523  57.18695
 60.13239  56.56109
 60.13239  56.56109
 59.91149  56.06788
 59.69060  55.57468
 59.46971  55.08147
 59.24881  54.58827
 59.24881  54.58827
 59.48694  54.02187
 59.72507  53.45548
 59.96320  52.88908
 60.20133  52.32269
 60.43947  51.75629
 60.67760  51.18989
 60.67760  51.18989
 61.62997  51.25972
 62.58234  51.32954
 63.53472  51.39937
 64.48709  51.46920
 65.43947  51.53902
 65.43947  51.53902
 65.96458  50.95888
 66.48969  50.37874
 67.01480  49.79860
 67.53991  49.21846
 67.53991  49.21846
 67.90642  49.73989
 68.27293  50.26131
 68.63944  50.78274
 68.63944  50.78274
 69.66735  50.71138
 70.69527  50.64003
 71.72318  50.56868
 72.75109  50.49732
 73.77901  50.42597
 74.80692  50.35462
 74.80692  50.35462
 75.10427  49.89799
 75.40162  49.44136
 75.69896  48.98473
 75.69896  48.98473
 76.57480  48.87186
 77.45065  48.75899
 78.32649  48.64612
 79.20233  48.53325
 80.07817  48.42039
 80.95401  48.30752
 80.95401  48.30752
 81.29822  47.80497
 81.64242  47.30243
 81.64242  47.30243
 82.54904  47.28068
 83.45566  47.25893
 84.36228  47.23719
 85.26890  47.21544
 86.17552  47.19370
 87.08214  47.17195
 87.98876  47.15021
 88.89538  47.12846
 89.80200  47.10671
 90.70862  47.08497
 90.70862  47.08497
 90.09200  47.49502
 89.47539  47.90507
 88.85878  48.31513
 88.24216  48.72518
 87.62555  49.13523
 87.62555  49.13523
 88.49728  49.46525
 89.36901  49.79527
 90.24075  50.12529
 91.11248  50.45531
 91.98421  50.78533
 92.85594  51.11535
 92.85594  51.11535
 93.72455  50.82740
 94.59315  50.53946
 95.46176  50.25151
 96.33036  49.96357
 97.19897  49.67562
 98.06757  49.38768
 98.93618  49.09973
 98.93618  49.09973
 98.01297  48.91526
 97.08976  48.73079
 96.16655  48.54632
 96.16655  48.54632
 96.97148  48.24264
 97.77640  47.93895
 98.58132  47.63526
 99.38624  47.33158
100.19117  47.02789
100.99609  46.72421
101.80101  46.42052
101.80101  46.42052
102.67720  46.50758
103.55339  46.59464
104.42958  46.68170
105.30577  46.76876
106.18196  46.85583
106.18196  46.85583
106.76861  47.28177
107.35527  47.70771
