Longitude, Latitude co-ordinates defining the North and Central American continental divide. 
Used to release back trajectories. 
 
199  points defined in this file. 
 
-165.98864  65.29305
-165.27800  65.41589
-164.56737  65.53816
-163.85673  65.65985
-163.14609  65.78098
-162.43545  65.90154
-161.72482  66.02154
-161.01418  66.14098
-160.30354  66.25985
-159.59291  66.37817
-158.88227  66.49593
-158.17163  66.61313
-157.46099  66.72979
-156.75036  66.84589
-156.03972  66.96145
-155.32908  67.07646
-154.61845  67.19093
-153.90781  67.30486
-153.19717  67.41824
-152.48653  67.53110
-151.77590  67.64341
-151.06526  67.75520
-150.35462  67.86645
-149.64399  67.97717
-148.93335  68.08737
-148.22271  68.19704
-147.51207  68.30619
-146.80144  68.41482
-146.09080  68.52294
-145.38016  68.63053
-144.66953  68.73762
-143.95889  68.84419
-143.24825  68.95025
-142.53762  69.05580
-141.82698  69.16085
-141.11634  69.26539
-140.50896  69.10352
-139.90158  68.94043
-139.29419  68.77613
-138.68681  68.61061
-138.07943  68.44385
-137.47205  68.27586
-136.86467  68.10663
-137.25795  67.85157
-137.65123  67.59369
-138.04451  67.33296
-138.43779  67.06936
-138.83107  66.80287
-139.22435  66.53344
-139.61763  66.26107
-140.01091  65.98572
-140.40419  65.70737
-140.79747  65.42600
-140.00382  65.39356
-139.21017  65.36108
-138.41653  65.32857
-137.62288  65.29601
-136.82924  65.26341
-136.03559  65.23078
-135.24194  65.19810
-134.44830  65.16538
-133.65465  65.13262
-132.86101  65.09983
-132.06736  65.06699
-131.27371  65.03411
-130.48007  65.00119
-129.68642  64.96823
-128.89278  64.93522
-128.61642  64.62727
-128.34006  64.31578
-128.06370  64.00073
-127.78734  63.68209
-127.51098  63.35983
-127.23462  63.03391
-126.95826  62.70430
-126.68190  62.37098
-126.40555  62.03392
-126.12919  61.69308
-126.29346  61.31041
-126.45773  60.92302
-126.62199  60.53086
-126.78626  60.13389
-126.95053  59.73207
-127.11480  59.32537
-127.27907  58.91374
-127.44334  58.49715
-127.60761  58.07555
-127.77188  57.64892
-127.93615  57.21721
-127.28777  56.93992
-126.63939  56.66056
-125.99101  56.37911
-125.34263  56.09556
-124.69425  55.80991
-124.04587  55.52215
-123.39749  55.23227
-122.74911  54.94027
-122.10073  54.64612
-121.45234  54.34983
-120.96465  53.99483
-120.47696  53.63677
-119.98927  53.27565
-119.50158  52.91145
-119.01388  52.54416
-118.52619  52.17377
-118.03850  51.80027
-117.55081  51.42366
-117.06312  51.04391
-116.57542  50.66102
-116.08773  50.27499
-115.60004  49.88580
-115.11235  49.49345
-114.62466  49.09793
-114.13696  48.69923
-113.64927  48.29735
-113.16158  47.89228
-112.91356  47.24686
-112.66555  46.59348
-112.41754  45.93212
-113.32102  45.82112
-114.22450  45.70990
-113.74618  45.07544
-113.26787  44.43387
-112.31124  44.58547
-111.35462  44.73667
-110.80190  44.31230
-110.24918  43.88484
-109.69646  43.45429
-109.14375  43.02065
-108.59103  42.58393
-108.03831  42.14413
-107.48559  41.70125
-106.93288  41.25530
-106.38016  40.80628
-105.82744  40.35421
-106.03294  39.78482
-106.23843  39.21069
-106.44393  38.63182
-106.64943  38.04824
-106.85493  37.45997
-107.06043  36.86704
-107.26592  36.26947
-107.47142  35.66729
-107.67692  35.06053
-107.88242  34.44923
-108.08791  33.83343
-108.29341  33.21315
-108.49891  32.58845
-108.70441  31.95937
-108.90990  31.32594
-108.46449  30.77959
-108.01908  30.23011
-107.57366  29.67755
-107.12825  29.12194
-106.68284  28.56330
-106.23742  28.00169
-105.79201  27.43713
-105.34660  26.86967
-104.90118  26.29935
-104.45577  25.72621
-104.01035  25.15029
-103.56494  24.57164
-103.11953  23.99031
-102.67411  23.40634
-102.22870  22.81979
-101.78329  22.23069
-101.33787  21.63911
-100.89246  21.04510
-100.44705  20.44871
-100.00163  19.84999
-99.55622  19.24901
-98.85773  18.90459
-98.15924  18.55947
-97.46075  18.21364
-96.76226  17.86713
-96.06377  17.51994
-95.36528  17.17208
-94.66679  16.82358
-93.93338  16.47734
-93.19997  16.13048
-92.46655  15.78301
-91.73314  15.43495
-90.99972  15.08630
-90.26631  14.73708
-89.53290  14.38729
-88.79948  14.03696
-88.06607  13.68610
-87.33265  13.33471
-86.74805  12.73064
-86.16344  12.12514
-85.57884  11.51826
-84.99423  10.91006
-84.40963  10.30062
-83.82502   9.69000
-82.93926   9.27064
-82.05349   8.85078
-81.16773   8.43044
-80.31739   8.90329
-79.46706   9.37553
