Longitude, Latitude co-ordinates defining the Australian continental divide. 
Used to release back trajectories. 
 
102  points defined in this file. 
 
116.77000 -35.00000
117.29938 -34.56292
117.82875 -34.12583
118.35813 -33.68875
118.88751 -33.25166
119.41689 -32.81458
119.94626 -32.37750
120.47564 -31.94041
121.00502 -31.50333
120.49695 -31.04009
119.98887 -30.57684
119.48080 -30.11360
118.97273 -29.65036
118.46466 -29.18712
118.62904 -28.52961
118.79341 -27.87211
118.95779 -27.21461
119.12216 -26.55710
119.28654 -25.89960
119.85225 -26.19846
120.41796 -26.49733
120.98367 -26.79619
121.54938 -27.09506
122.11509 -27.39392
122.68080 -27.69279
123.24651 -27.99166
123.57028 -27.44374
123.89405 -26.89582
124.21782 -26.34789
124.54159 -25.79997
124.86537 -25.25205
125.18914 -24.70413
125.86989 -24.86187
126.55064 -25.01960
127.23138 -25.17734
127.91213 -25.33507
128.59288 -25.49281
129.27363 -25.65054
129.95438 -25.80828
130.63513 -25.96601
131.31588 -26.12375
131.37192 -25.56337
131.42796 -25.00300
131.48399 -24.44263
131.54003 -23.88225
132.19380 -23.78886
132.84757 -23.69546
133.50134 -23.60207
134.15510 -23.50867
134.50378 -22.99396
134.85246 -22.47925
135.20113 -21.96453
135.54981 -21.44982
135.89849 -20.93511
136.24716 -20.42039
136.59584 -19.90568
136.94452 -19.39097
137.29319 -18.87625
137.80687 -19.28719
138.32054 -19.69813
138.83422 -20.10908
139.34789 -20.52002
139.86157 -20.93096
140.37525 -21.34190
140.88892 -21.75284
141.40260 -22.16378
141.99716 -21.88315
142.59173 -21.60252
143.18630 -21.32189
143.78087 -21.04126
144.37543 -20.76063
144.97000 -20.48000
145.26329 -21.04437
145.55658 -21.60875
145.84988 -22.17312
146.14317 -22.73750
146.43646 -23.30187
146.72975 -23.86625
147.02305 -24.43062
147.31634 -24.99500
147.60963 -25.55937
147.90292 -26.12375
148.57537 -26.18352
149.24782 -26.24329
149.92027 -26.30307
150.59271 -26.36284
151.26516 -26.42261
151.58271 -26.92695
151.90025 -27.43128
152.21780 -27.93562
152.53534 -28.43995
152.26576 -29.03632
151.99619 -29.63269
151.72661 -30.22906
151.45703 -30.82543
151.18746 -31.42179
150.91788 -32.01816
150.64831 -32.61453
150.37873 -33.21090
150.10915 -33.80726
149.83958 -34.40363
149.57000 -35.00000
