Longitude, Latitude co-ordinates of interpolated points discretely defining the Rodriguez et al. (2011) East Asian and Australian continental divide. 
Used to release back trajectories. 

xx  points defined in this file.

 92.18000  32.71000
 92.83012  32.64283
 93.48024  32.57566
 94.13036  32.50849
 94.13036  32.50849
 94.73559  32.11621
 95.34081  31.72394
 95.94604  31.33166
 96.55126  30.93939
 97.15649  30.54711
 97.76171  30.15483
 97.76171  30.15483
 97.99035  29.57651
 98.21899  28.99818
 98.44764  28.41985
 98.67628  27.84153
 98.90492  27.26320
 98.90492  27.26320
 99.05062  26.68039
 99.19632  26.09758
 99.34202  25.51477
 99.48773  24.93196
 99.63343  24.34915
 99.77913  23.76634
 99.77913  23.76634
 99.65424  23.19954
 99.52936  22.63275
 99.40447  22.06595
 99.27958  21.49915
 99.15469  20.93235
 99.02980  20.36555
 98.90492  19.79875
 98.90492  19.79875
 98.71999  19.17672
 98.53506  18.55468
 98.35013  17.93264
 98.16520  17.31061
 98.16520  17.31061
 98.21899  16.74573
 98.27279  16.18085
 98.32659  15.61597
 98.38039  15.05110
 98.43419  14.48622
 98.43419  14.48622
 98.57989  13.93703
 98.72559  13.38785
 98.87129  12.83866
 99.01700  12.28948
 99.16270  11.74029
 99.30840  11.19110
 99.30840  11.19110
 99.16046  10.65313
 99.01251  10.11515
 98.86457   9.57717
 98.71662   9.03919
 98.56868   8.50121
 98.56868   8.50121
 99.02020   8.11694
 99.47172   7.73267
 99.92323   7.34840
100.37475   6.96413
100.82627   6.57986
101.27778   6.19559
101.72930   5.81132
101.72930   5.81132
101.78310   5.21955
101.83690   4.62777
101.89070   4.03599
101.94449   3.44422
101.99829   2.85244
101.99829   2.85244
102.40177   2.53302
102.80526   2.21359
103.20874   1.89417
103.61223   1.57474
103.61223   1.57474
103.02942   1.29455
102.44661   1.01435
101.86380   0.73415
101.28099   0.45396
100.69818   0.17376
100.11537  -0.10644
100.11537  -0.10644
100.49868  -0.59734
100.88199  -1.08825
101.26530  -1.57915
101.64861  -2.07006
102.03191  -2.56096
102.41522  -3.05187
102.79853  -3.54277
103.18184  -4.03368
103.56515  -4.52458
103.94846  -5.01549
103.94846  -5.01549
104.49989  -5.27775
105.05132  -5.54002
105.60275  -5.80228
106.15417  -6.06455
106.15417  -6.06455
106.15417  -6.73822
106.15417  -7.41189
106.15417  -8.08556
106.15417  -8.75923
106.15417  -9.43290
106.15417 -10.10657
106.15417 -10.78024
106.15417 -11.45391
106.15417 -12.12758
106.15417 -12.80125
106.15417 -13.47492
106.15417 -14.14859
106.15417 -14.82226
106.15417 -15.49592
106.15417 -16.16959
106.15417 -16.84326
106.15417 -17.51693
106.15417 -18.19060
106.15417 -18.86427
106.15417 -19.53794
106.15417 -20.21161
106.15417 -20.88528
106.15417 -21.55895
106.15417 -22.23262
106.15417 -22.90629
106.15417 -23.57996
106.15417 -24.25363
106.15417 -24.92730
106.15417 -24.92730
106.87491 -24.92730
107.59564 -24.92730
108.31638 -24.92730
109.03711 -24.92730
109.75785 -24.92730
110.47858 -24.92730
111.19932 -24.92730
111.92006 -24.92730
112.64079 -24.92730
113.36153 -24.92730
114.08226 -24.92730
114.80300 -24.92730
114.80300 -24.92730
115.29750 -25.30315
115.79200 -25.67900
115.79200 -25.67900
116.49091 -25.72312
117.18982 -25.76724
117.88872 -25.81136
118.58763 -25.85548
119.28654 -25.89960
119.28654 -25.89960
119.58311 -25.40635
119.87969 -24.91310
120.17626 -24.41985
120.47284 -23.92660
120.76941 -23.43335
120.76941 -23.43335
121.38760 -23.20053
122.00579 -22.96770
122.62398 -22.73488
123.24218 -22.50205
123.86037 -22.26923
124.47856 -22.03640
125.09675 -21.80357
125.09675 -21.80357
125.68122 -21.91597
126.26570 -22.02837
126.85017 -22.14077
127.43464 -22.25317
128.01911 -22.36557
128.01911 -22.36557
128.35631 -21.79421
128.69350 -21.22285
129.03070 -20.65149
129.36789 -20.08013
129.70509 -19.50877
130.04229 -18.93741
130.04229 -18.93741
130.42765 -19.44321
130.81302 -19.94900
131.19838 -20.45479
131.58375 -20.96059
131.96912 -21.46638
132.35448 -21.97217
132.73985 -22.47797
132.73985 -22.47797
132.70051 -21.85415
132.66117 -21.23034
132.62183 -20.60653
132.58249 -19.98272
132.54315 -19.35891
132.50381 -18.73510
132.46447 -18.11128
132.42513 -17.48747
132.38579 -16.86366
132.34645 -16.23985
132.34645 -16.23985
132.89609 -16.53278
133.44573 -16.82572
133.99537 -17.11865
134.54500 -17.41158
135.09464 -17.70452
135.64428 -17.99745
136.19392 -18.29038
136.74355 -18.58332
137.29319 -18.87625
137.29319 -18.87625
137.80687 -19.28719
138.32054 -19.69813
138.83422 -20.10907
139.34789 -20.52001
139.86157 -20.93096
140.37525 -21.34190
140.88892 -21.75284
141.40260 -22.16378
141.40260 -22.16378
141.99717 -21.88315
142.59173 -21.60252
143.18630 -21.32189
143.78087 -21.04126
144.37543 -20.76063
144.97000 -20.48000
