Longitude, Latitude co-ordinates defining the Rodriguez et al. (2011) Indian Ocean/Australia continental divide. 
Used to release back trajectories. 
 
111  points defined in this file. 
 
106.15417  -6.06455
106.15417  -6.73822
106.15417  -7.41189
106.15417  -8.08556
106.15417  -8.75923
106.15417  -9.43290
106.15417 -10.10657
106.15417 -10.78024
106.15417 -11.45391
106.15417 -12.12758
106.15417 -12.80125
106.15417 -13.47492
106.15417 -14.14859
106.15417 -14.82226
106.15417 -15.49592
106.15417 -16.16959
106.15417 -16.84326
106.15417 -17.51693
106.15417 -18.19060
106.15417 -18.86427
106.15417 -19.53794
106.15417 -20.21161
106.15417 -20.88528
106.15417 -21.55895
106.15417 -22.23262
106.15417 -22.90629
106.15417 -23.57996
106.15417 -24.25363
106.15417 -24.92730
106.87491 -24.92730
107.59564 -24.92730
108.31638 -24.92730
109.03711 -24.92730
109.75785 -24.92730
110.47858 -24.92730
111.19932 -24.92730
111.92006 -24.92730
112.64079 -24.92730
113.36153 -24.92730
114.08226 -24.92730
114.80300 -24.92730
115.29750 -25.30315
115.79200 -25.67900
116.49091 -25.72312
117.18982 -25.76724
117.88872 -25.81136
118.58763 -25.85548
119.28654 -25.89960
119.58311 -25.40635
119.87969 -24.91310
120.17626 -24.41985
120.47284 -23.92660
120.76941 -23.43335
121.38760 -23.20053
122.00579 -22.96770
122.62398 -22.73488
123.24218 -22.50205
123.86037 -22.26923
124.47856 -22.03640
125.09675 -21.80357
125.68122 -21.91597
126.26570 -22.02837
126.85017 -22.14077
127.43464 -22.25317
128.01911 -22.36557
128.35631 -21.79421
128.69350 -21.22285
129.03070 -20.65149
129.36789 -20.08013
129.70509 -19.50877
130.04229 -18.93741
130.42765 -19.44321
130.81302 -19.94900
131.19838 -20.45479
131.58375 -20.96059
131.96912 -21.46638
132.35448 -21.97217
132.73985 -22.47797
132.70051 -21.85415
132.66117 -21.23034
132.62183 -20.60653
132.58249 -19.98272
132.54315 -19.35891
132.50381 -18.73510
132.46447 -18.11128
132.42513 -17.48747
132.38579 -16.86366
132.34645 -16.23985
132.89609 -16.53278
133.44573 -16.82572
133.99537 -17.11865
134.54500 -17.41158
135.09464 -17.70452
135.64428 -17.99745
136.19392 -18.29038
136.74355 -18.58332
137.29319 -18.87625
137.80687 -19.28719
138.32054 -19.69813
138.83422 -20.10907
139.34789 -20.52001
139.86157 -20.93096
140.37525 -21.34190
140.88892 -21.75284
141.40260 -22.16378
141.99717 -21.88315
142.59173 -21.60252
143.18630 -21.32189
143.78087 -21.04126
144.37543 -20.76063
144.97000 -20.48000
