Longitude, Latitude co-ordinates defining theSouth American continental divide. 
Used to release back trajectories. 
 
114  points defined in this file. 
 
-79.97738   8.85580
-79.16340   8.72173
-78.34942   8.58762
-78.02383   7.90737
-77.69824   7.22600
-77.37265   6.54360
-77.04706   5.86027
-76.72147   5.17610
-75.99793   5.53629
-76.15621   4.72558
-76.31448   3.91393
-76.47275   3.10148
-76.63103   2.28841
-77.10133   1.65570
-77.57162   1.02278
-78.04192   0.38974
-78.51222  -0.24335
-78.98252  -0.87641
-79.08803  -1.69018
-79.19355  -2.50360
-79.29906  -3.31652
-79.40458  -4.12878
-79.51009  -4.94020
-79.61561  -5.75063
-79.22601  -6.42857
-78.83642  -7.10561
-78.44682  -7.78165
-78.05723  -8.45661
-77.66763  -9.13038
-77.27803  -9.80288
-76.88844 -10.47403
-76.49884 -11.14372
-76.10925 -11.81187
-75.71965 -12.47840
-75.33006 -13.14322
-74.94046 -13.80624
-74.55086 -14.46738
-73.69167 -14.70808
-72.83247 -14.94851
-71.97327 -15.18867
-71.11407 -15.42856
-70.77944 -16.15090
-70.44480 -16.87061
-70.11017 -17.58759
-69.77553 -18.30173
-69.44090 -19.01295
-69.10626 -19.72113
-68.77163 -20.42619
-68.43699 -21.12804
-68.10236 -21.82657
-67.76772 -22.52172
-67.95507 -23.22407
-68.14241 -23.92274
-68.32975 -24.61766
-68.51710 -25.30873
-68.70444 -25.99589
-68.89179 -26.67905
-69.07913 -27.35814
-69.26647 -28.03310
-69.45382 -28.70384
-69.64116 -29.37031
-69.82851 -30.03245
-70.01585 -30.69020
-70.20319 -31.34349
-70.39054 -31.99228
-70.48098 -32.63941
-70.57142 -33.28190
-70.66186 -33.91969
-70.75231 -34.55274
-70.84275 -35.18101
-70.93319 -35.80446
-71.02363 -36.42306
-71.11407 -37.03677
-71.20451 -37.64555
-71.29496 -38.24939
-71.38540 -38.84825
-71.47584 -39.44212
-71.56628 -40.03096
-71.65672 -40.61476
-71.74717 -41.19351
-71.75320 -41.78517
-71.75922 -42.37142
-71.76525 -42.95225
-71.77128 -43.52765
-71.77731 -44.09761
-71.78334 -44.66213
-71.78937 -45.22121
-71.79540 -45.77484
-71.80143 -46.32303
-71.80746 -46.86578
-71.81349 -47.40310
-71.81952 -47.93499
-71.82555 -48.46147
-71.83158 -48.98255
-71.83761 -49.49823
-72.65158 -49.26271
-73.46556 -49.02605
-73.52586 -49.53737
-73.58615 -50.04339
-73.64645 -50.54414
-72.87769 -50.60158
-72.10893 -50.65895
-72.19938 -51.24767
-72.28982 -51.82895
-72.38026 -52.40283
-71.73712 -52.67177
-71.09397 -52.93906
-70.45083 -53.20472
-69.80769 -53.46874
-69.16455 -53.73112
-68.52141 -53.99188
-67.87826 -54.25101
-67.23512 -54.50853
-66.59198 -54.76444
