Longitude, Latitude co-ordinates defining the Scandanavia to Bering Strait part of the Arctic Ocean drainage divide. 
Used to release back trajectories. 
 
339  points defined in this file. 
 
 21.27000  69.32000
 22.74681  69.04507
 24.22361  68.77014
 25.70042  68.49521
 27.17722  68.22028
 28.65403  67.94535
 30.13084  67.67042
 30.15045  67.00915
 30.17007  66.34789
 30.18969  65.68662
 30.20930  65.02536
 30.22892  64.36409
 30.24853  63.70283
 31.46626  63.51246
 32.68399  63.32209
 33.90171  63.13172
 35.11944  62.94136
 36.33716  62.75099
 37.55489  62.56062
 37.56282  61.93152
 37.57076  61.30242
 36.76767  60.80255
 35.96458  60.30269
 35.16150  59.80282
 34.35841  59.30296
 33.55532  58.80309
 34.55258  58.40194
 35.54983  58.00078
 34.64131  57.72939
 33.73278  57.45799
 32.82426  57.18660
 31.91573  56.91520
 32.41774  56.31438
 32.91976  55.71355
 33.42177  55.11273
 33.92379  54.51190
 34.42580  53.91108
 34.92782  53.31025
 35.42983  52.70943
 35.93185  52.10860
 36.60947  52.58227
 37.28710  53.05594
 37.96472  53.52960
 38.64235  54.00327
 39.45064  53.79844
 40.25893  53.59361
 41.06722  53.38878
 41.09350  52.91574
 41.11979  52.44270
 41.14607  51.96966
 41.77789  52.40473
 42.40972  52.83980
 43.04154  53.27486
 43.87696  53.02967
 44.71238  52.78448
 45.54781  52.53930
 46.38323  52.29411
 46.16864  51.65030
 45.95405  51.00650
 45.73946  50.36270
 45.52487  49.71890
 45.31029  49.07509
 45.09570  48.43129
 44.88111  47.78749
 44.66652  47.14368
 44.45193  46.49988
 44.23735  45.85608
 43.81841  45.40292
 43.39948  44.94976
 42.98054  44.49660
 42.56161  44.04344
 42.14267  43.59028
 42.73259  43.23402
 43.32250  42.87776
 43.91242  42.52150
 43.52593  42.03320
 43.13945  41.54490
 42.75297  41.05660
 42.36648  40.56830
 41.98000  40.08000
 42.72560  40.04611
 43.47120  40.01222
 43.88117  39.47118
 44.29114  38.93014
 44.70110  38.38910
 45.11107  37.84806
 45.52103  37.30703
 45.93100  36.76599
 46.34097  36.22495
 46.75093  35.68391
 47.16090  35.14288
 47.69006  34.66442
 48.21923  34.18596
 48.74839  33.70751
 49.27755  33.22905
 49.80671  32.75060
 50.33588  32.27214
 50.86504  31.79368
 51.39420  31.31523
 51.92336  30.83677
 52.15513  30.33812
 52.38689  29.83948
 52.61866  29.34083
 53.33072  29.17928
 54.04279  29.01774
 54.75485  28.85620
 55.46692  28.69465
 56.17898  28.53311
 56.89104  28.37157
 57.20320  27.84463
 57.51535  27.31769
 57.82751  26.79075
 58.56324  26.76834
 59.29897  26.74593
 60.03471  26.72352
 60.77044  26.70111
 61.50618  26.67871
 62.24191  26.65630
 62.97764  26.63389
 63.71338  26.61148
 64.44911  26.58907
 64.87695  27.02539
 65.30479  27.46171
 65.73263  27.89803
 66.16047  28.33435
 66.58831  28.77068
 66.90205  29.31529
 67.21580  29.85990
 67.52954  30.40451
 67.84329  30.94913
 68.15703  31.49374
 68.47078  32.03835
 68.78452  32.58297
 69.09827  33.12758
 69.41201  33.67219
 68.72484  33.74049
 68.03766  33.80879
 67.35048  33.87709
 67.66214  34.31361
 67.97380  34.75013
 68.28545  35.18665
 68.98544  35.38847
 69.68542  35.59029
 70.38540  35.79211
 71.08539  35.99393
 71.78537  36.19575
 72.48535  36.39757
 73.18534  36.59939
 73.88532  36.80121
 74.58530  37.00304
 75.29698  36.70699
 76.00865  36.41095
 76.72032  36.11491
 77.43199  35.81887
 78.14367  35.52283
 78.85534  35.22678
 79.56701  34.93074
 80.27868  34.63470
 80.55823  34.06470
 80.83777  33.49470
 81.11732  32.92471
 81.39686  32.35471
 81.67640  31.78471
 81.95595  31.21471
 82.23549  30.64471
 83.00808  30.66161
 83.78067  30.67851
 84.55326  30.69540
 85.32586  30.71230
 86.09845  30.72919
 86.87104  30.74609
 87.64363  30.76299
 88.41622  30.77988
 89.18881  30.79678
 89.96140  30.81367
 90.73399  30.83057
 91.50658  30.84747
 91.28602  31.33075
 91.06546  31.81404
 90.84490  32.29733
 91.51245  32.50366
 92.18000  32.71000
 91.59837  33.15791
 91.01675  33.60582
 90.43512  34.05373
 90.71352  34.63221
 90.99193  35.21068
 91.27033  35.78915
 92.03496  35.66699
 92.79958  35.54483
 93.56421  35.42267
 94.32883  35.30051
 95.09346  35.17835
 95.85808  35.05619
 96.62556  34.99019
 97.39304  34.92419
 98.16052  34.85820
 98.92800  34.79220
 99.44980  35.20029
 99.97160  35.60839
100.49339  36.01648
101.01519  36.42458
100.80984  37.06204
100.60448  37.69951
101.24440  37.54514
101.88432  37.39078
102.52425  37.23641
103.16417  37.08205
103.81510  37.40353
104.46603  37.72501
105.11696  38.04649
105.76789  38.36797
105.94000  38.97575
106.11210  39.58352
106.28421  40.19130
106.45631  40.79908
106.62842  41.40686
107.43790  41.37501
108.24737  41.34316
109.05685  41.31132
109.86633  41.27947
110.67581  41.24762
111.48529  41.21578
112.29477  41.18393
113.10425  41.15208
113.91373  41.12024
114.72321  41.08839
115.26295  41.62517
115.80268  42.16196
116.34242  42.69874
116.88216  43.23552
117.42189  43.77231
117.96163  44.30909
118.50137  44.84587
119.04110  45.38266
119.58084  45.91944
120.12058  46.45622
119.24941  46.72650
118.37823  46.99678
117.50706  47.26706
116.63589  47.53733
115.76472  47.80761
114.89355  48.07789
114.02042  47.83100
113.14729  47.58412
112.27417  47.33723
111.40104  47.09034
110.52791  46.84346
109.65479  46.59657
108.78166  46.34969
108.30619  46.80236
107.83073  47.25503
107.35527  47.70771
108.07324  48.19117
108.79121  48.67464
109.50919  49.15810
110.22716  49.64157
110.94513  50.12503
111.66311  50.60850
112.38108  51.09196
113.09905  51.57543
113.81703  52.05889
114.53500  52.54236
115.25298  53.02582
115.97095  53.50929
116.68892  53.99275
117.67829  54.16520
118.66765  54.33764
119.65702  54.51009
120.64638  54.68253
121.63574  54.85498
122.62511  55.02742
123.61447  55.19987
124.60384  55.37231
125.79023  55.39877
126.97663  55.42522
128.16303  55.45168
129.34943  55.47813
130.53583  55.50459
131.72222  55.53104
132.90862  55.55750
134.09502  55.58395
135.28142  55.61040
136.10337  56.05706
136.92532  56.50371
137.74727  56.95037
138.56922  57.39702
138.87077  57.99177
139.17233  58.58652
139.47388  59.18127
139.77543  59.77602
139.99409  60.32056
140.21275  60.86509
140.43141  61.40963
140.65007  61.95416
140.86872  62.49869
142.13268  62.19904
143.39663  61.89938
144.66059  61.59972
145.92454  61.30006
147.18850  61.00040
148.45245  60.70074
149.71641  60.40108
150.89114  60.42762
152.06587  60.45415
153.24060  60.48069
153.95807  60.98247
154.67553  61.48425
155.39300  61.98604
156.11046  62.48782
156.82793  62.98960
158.09389  63.06244
159.35985  63.13529
160.62581  63.20813
161.89177  63.28097
163.15773  63.35381
164.21947  63.86920
165.28120  64.38458
166.34294  64.89996
167.40468  65.41534
168.46642  65.93072
169.52815  66.44610
170.58989  66.96148
171.65163  67.47686
172.71336  67.99224
173.77510  68.50762
175.23071  68.14648
176.68632  67.78534
178.14194  67.42419
179.59755  67.06305
181.05316  66.70191
182.50877  66.34076
183.96438  65.97962
185.42000  65.61848
186.61790  66.02032
187.81581  66.42216
188.86720  66.20477
189.91860  65.98739
190.97000  65.77000
