Longitude, Latitude co-ordinates of clicked points discretely defining the Scandanavia to Bering Strait part of the Arctic Ocean drainage divide. 
Used to release back trajectories. 
 
63  points defined in this file. 
 
 21.27000  69.32000
 30.13084  67.67042
 30.24853  63.70283
 37.55489  62.56062
 37.57076  61.30242
 33.55532  58.80309
 35.54983  58.00078
 31.91573  56.91520
 35.93185  52.10860
 38.64235  54.00327
 41.06722  53.38878
 41.14607  51.96966
 43.04154  53.27486
 46.38323  52.29411
 44.23735  45.85608
 42.14267  43.59028
 43.91242  42.52150
 41.98000  40.08000
 43.47120  40.01222
 47.16090  35.14288
 51.92336  30.83677
 52.61866  29.34083
 56.89104  28.37157
 57.82751  26.79075
 64.44911  26.58907
 66.58831  28.77068
 69.41201  33.67219
 67.35048  33.87709
 68.28545  35.18665
 74.58530  37.00304
 80.27868  34.63470
 82.23549  30.64471
 91.50658  30.84747
 90.84490  32.29733
 92.18000  32.71000
 90.43512  34.05373
 91.27033  35.78915
 95.85808  35.05619
 98.92800  34.79220
101.01519  36.42458
100.60448  37.69951
103.16417  37.08205
105.76789  38.36797
106.62842  41.40686
114.72321  41.08839
120.12058  46.45622
114.89355  48.07789
108.78166  46.34969
107.35527  47.70771
116.68892  53.99275
124.60384  55.37231
135.28142  55.61040
138.56922  57.39702
139.77543  59.77602
140.86872  62.49869
149.71641  60.40108
153.24060  60.48069
156.82793  62.98960
163.15773  63.35381
173.77510  68.50762
185.42000  65.61848
187.81581  66.42216
190.97000  65.77000
