Longitude, Latitude co-ordinates defining the Southern Ocean drainage divide. 
Used to release back trajectories. 
 
34  points defined in this file. 
 
 20.22000 -35.00000
116.77000 -35.00000
121.00502 -31.50333
118.46466 -29.18712
119.28654 -25.89960
123.24651 -27.99166
125.18914 -24.70413
131.31588 -26.12375
131.54003 -23.88225
134.15510 -23.50867
137.29319 -18.87625
141.40260 -22.16378
144.97000 -20.48000
147.90292 -26.12375
151.26516 -26.42261
152.53534 -28.43995
149.57000 -35.00000
-70.37000 -35.00000
-67.88121 -23.26215
-71.03000 -15.32000
-70.26243 -13.81667
-64.62689 -20.72219
-60.57882 -18.73785
-58.75322 -14.53103
-54.62579 -14.76915
-53.27643 -17.70599
-47.64089 -15.48352
-46.05341 -20.56344
-43.43408 -21.03969
-49.78398 -24.77026
-49.94273 -28.58020
-53.43518 -28.18333
-55.00000 -35.00000
 20.22000 -35.00000
