Longitude, Latitude co-ordinates defining the Southern Ocean drainage divide. 
Used to release back trajectories. 
 
579  points defined in this file. 
 
 20.22000 -35.00000
 21.08205 -35.00000
 21.94411 -35.00000
 22.80616 -35.00000
 23.66821 -35.00000
 24.53027 -35.00000
 25.39232 -35.00000
 26.25437 -35.00000
 27.11643 -35.00000
 27.97848 -35.00000
 28.84054 -35.00000
 29.70259 -35.00000
 30.56464 -35.00000
 31.42670 -35.00000
 32.28875 -35.00000
 33.15080 -35.00000
 34.01286 -35.00000
 34.87491 -35.00000
 35.73696 -35.00000
 36.59902 -35.00000
 37.46107 -35.00000
 38.32312 -35.00000
 39.18518 -35.00000
 40.04723 -35.00000
 40.90929 -35.00000
 41.77134 -35.00000
 42.63339 -35.00000
 43.49545 -35.00000
 44.35750 -35.00000
 45.21955 -35.00000
 46.08161 -35.00000
 46.94366 -35.00000
 47.80571 -35.00000
 48.66777 -35.00000
 49.52982 -35.00000
 50.39187 -35.00000
 51.25393 -35.00000
 52.11598 -35.00000
 52.97804 -35.00000
 53.84009 -35.00000
 54.70214 -35.00000
 55.56420 -35.00000
 56.42625 -35.00000
 57.28830 -35.00000
 58.15036 -35.00000
 59.01241 -35.00000
 59.87446 -35.00000
 60.73652 -35.00000
 61.59857 -35.00000
 62.46063 -35.00000
 63.32268 -35.00000
 64.18473 -35.00000
 65.04679 -35.00000
 65.90884 -35.00000
 66.77089 -35.00000
 67.63295 -35.00000
 68.49500 -35.00000
 69.35705 -35.00000
 70.21911 -35.00000
 71.08116 -35.00000
 71.94321 -35.00000
 72.80527 -35.00000
 73.66732 -35.00000
 74.52938 -35.00000
 75.39143 -35.00000
 76.25348 -35.00000
 77.11554 -35.00000
 77.97759 -35.00000
 78.83964 -35.00000
 79.70170 -35.00000
 80.56375 -35.00000
 81.42580 -35.00000
 82.28786 -35.00000
 83.14991 -35.00000
 84.01196 -35.00000
 84.87402 -35.00000
 85.73607 -35.00000
 86.59812 -35.00000
 87.46018 -35.00000
 88.32223 -35.00000
 89.18429 -35.00000
 90.04634 -35.00000
 90.90839 -35.00000
 91.77045 -35.00000
 92.63250 -35.00000
 93.49455 -35.00000
 94.35661 -35.00000
 95.21866 -35.00000
 96.08071 -35.00000
 96.94277 -35.00000
 97.80482 -35.00000
 98.66688 -35.00000
 99.52893 -35.00000
100.39098 -35.00000
101.25304 -35.00000
102.11509 -35.00000
102.97714 -35.00000
103.83920 -35.00000
104.70125 -35.00000
105.56330 -35.00000
106.42536 -35.00000
107.28741 -35.00000
108.14946 -35.00000
109.01152 -35.00000
109.87357 -35.00000
110.73562 -35.00000
111.59768 -35.00000
112.45973 -35.00000
113.32179 -35.00000
114.18384 -35.00000
115.04589 -35.00000
115.90795 -35.00000
116.77000 -35.00000
117.29938 -34.56292
117.82875 -34.12583
118.35813 -33.68875
118.88751 -33.25166
119.41689 -32.81458
119.94626 -32.37750
120.47564 -31.94041
121.00502 -31.50333
120.49695 -31.04009
119.98887 -30.57684
119.48080 -30.11360
118.97273 -29.65036
118.46466 -29.18712
118.62904 -28.52961
118.79341 -27.87211
118.95779 -27.21461
119.12216 -26.55710
119.28654 -25.89960
119.85225 -26.19846
120.41796 -26.49733
120.98367 -26.79619
121.54938 -27.09506
122.11509 -27.39392
122.68080 -27.69279
123.24651 -27.99166
123.57028 -27.44374
123.89405 -26.89582
124.21782 -26.34789
124.54159 -25.79997
124.86537 -25.25205
125.18914 -24.70413
125.86989 -24.86187
126.55064 -25.01960
127.23138 -25.17734
127.91213 -25.33507
128.59288 -25.49281
129.27363 -25.65054
129.95438 -25.80828
130.63513 -25.96601
131.31588 -26.12375
131.37192 -25.56337
131.42796 -25.00300
131.48399 -24.44263
131.54003 -23.88225
132.19380 -23.78886
132.84757 -23.69546
133.50134 -23.60207
134.15510 -23.50867
134.50378 -22.99396
134.85246 -22.47925
135.20113 -21.96453
135.54981 -21.44982
135.89849 -20.93511
136.24716 -20.42039
136.59584 -19.90568
136.94452 -19.39097
137.29319 -18.87625
137.80687 -19.28719
138.32054 -19.69813
138.83422 -20.10908
139.34789 -20.52002
139.86157 -20.93096
140.37525 -21.34190
140.88892 -21.75284
141.40260 -22.16378
141.99716 -21.88315
142.59173 -21.60252
143.18630 -21.32189
143.78087 -21.04126
144.37543 -20.76063
144.97000 -20.48000
145.26329 -21.04437
145.55658 -21.60875
145.84988 -22.17312
146.14317 -22.73750
146.43646 -23.30187
146.72975 -23.86625
147.02305 -24.43062
147.31634 -24.99500
147.60963 -25.55937
147.90292 -26.12375
148.57537 -26.18352
149.24782 -26.24329
149.92027 -26.30307
150.59271 -26.36284
151.26516 -26.42261
151.58271 -26.92695
151.90025 -27.43128
152.21780 -27.93562
152.53534 -28.43995
152.26576 -29.03632
151.99619 -29.63269
151.72661 -30.22906
151.45703 -30.82543
151.18746 -31.42179
150.91788 -32.01816
150.64831 -32.61453
150.37873 -33.21090
150.10915 -33.80726
149.83958 -34.40363
149.57000 -35.00000
150.50373 -35.00000
151.43747 -35.00000
152.37120 -35.00000
153.30493 -35.00000
154.23867 -35.00000
155.17240 -35.00000
156.10613 -35.00000
157.03987 -35.00000
157.97360 -35.00000
158.90733 -35.00000
159.84107 -35.00000
160.77480 -35.00000
161.70853 -35.00000
162.64227 -35.00000
163.57600 -35.00000
164.50973 -35.00000
165.44347 -35.00000
166.37720 -35.00000
167.31093 -35.00000
168.24467 -35.00000
169.17840 -35.00000
170.11213 -35.00000
171.04587 -35.00000
171.97960 -35.00000
172.91333 -35.00000
173.84707 -35.00000
174.78080 -35.00000
175.71453 -35.00000
176.64827 -35.00000
177.58200 -35.00000
178.51573 -35.00000
179.44947 -35.00000
-179.61680 -35.00000
-178.68307 -35.00000
-177.74933 -35.00000
-176.81560 -35.00000
-175.88187 -35.00000
-174.94813 -35.00000
-174.01440 -35.00000
-173.08067 -35.00000
-172.14693 -35.00000
-171.21320 -35.00000
-170.27947 -35.00000
-169.34573 -35.00000
-168.41200 -35.00000
-167.47827 -35.00000
-166.54453 -35.00000
-165.61080 -35.00000
-164.67707 -35.00000
-163.74333 -35.00000
-162.80960 -35.00000
-161.87587 -35.00000
-160.94213 -35.00000
-160.00840 -35.00000
-159.07467 -35.00000
-158.14093 -35.00000
-157.20720 -35.00000
-156.27347 -35.00000
-155.33973 -35.00000
-154.40600 -35.00000
-153.47227 -35.00000
-152.53853 -35.00000
-151.60480 -35.00000
-150.67107 -35.00000
-149.73733 -35.00000
-148.80360 -35.00000
-147.86987 -35.00000
-146.93613 -35.00000
-146.00240 -35.00000
-145.06867 -35.00000
-144.13493 -35.00000
-143.20120 -35.00000
-142.26747 -35.00000
-141.33373 -35.00000
-140.40000 -35.00000
-139.46627 -35.00000
-138.53253 -35.00000
-137.59880 -35.00000
-136.66507 -35.00000
-135.73133 -35.00000
-134.79760 -35.00000
-133.86387 -35.00000
-132.93013 -35.00000
-131.99640 -35.00000
-131.06267 -35.00000
-130.12893 -35.00000
-129.19520 -35.00000
-128.26147 -35.00000
-127.32773 -35.00000
-126.39400 -35.00000
-125.46027 -35.00000
-124.52653 -35.00000
-123.59280 -35.00000
-122.65907 -35.00000
-121.72533 -35.00000
-120.79160 -35.00000
-119.85787 -35.00000
-118.92413 -35.00000
-117.99040 -35.00000
-117.05667 -35.00000
-116.12293 -35.00000
-115.18920 -35.00000
-114.25547 -35.00000
-113.32173 -35.00000
-112.38800 -35.00000
-111.45427 -35.00000
-110.52053 -35.00000
-109.58680 -35.00000
-108.65307 -35.00000
-107.71933 -35.00000
-106.78560 -35.00000
-105.85187 -35.00000
-104.91813 -35.00000
-103.98440 -35.00000
-103.05067 -35.00000
-102.11693 -35.00000
-101.18320 -35.00000
-100.24947 -35.00000
-99.31573 -35.00000
-98.38200 -35.00000
-97.44827 -35.00000
-96.51453 -35.00000
-95.58080 -35.00000
-94.64707 -35.00000
-93.71333 -35.00000
-92.77960 -35.00000
-91.84587 -35.00000
-90.91213 -35.00000
-89.97840 -35.00000
-89.04467 -35.00000
-88.11093 -35.00000
-87.17720 -35.00000
-86.24347 -35.00000
-85.30973 -35.00000
-84.37600 -35.00000
-83.44227 -35.00000
-82.50853 -35.00000
-81.57480 -35.00000
-80.64107 -35.00000
-79.70733 -35.00000
-78.77360 -35.00000
-77.83987 -35.00000
-76.90613 -35.00000
-75.97240 -35.00000
-75.03867 -35.00000
-74.10493 -35.00000
-73.17120 -35.00000
-72.23747 -35.00000
-71.30373 -35.00000
-70.37000 -35.00000
-70.23173 -34.34790
-70.09347 -33.69579
-69.95520 -33.04369
-69.81694 -32.39159
-69.67867 -31.73949
-69.54040 -31.08738
-69.40214 -30.43528
-69.26387 -29.78318
-69.12561 -29.13108
-68.98734 -28.47897
-68.84908 -27.82687
-68.71081 -27.17477
-68.57254 -26.52267
-68.43428 -25.87056
-68.29601 -25.21846
-68.15775 -24.56636
-68.01948 -23.91426
-67.88121 -23.26215
-68.12343 -22.65122
-68.36564 -22.04028
-68.60786 -21.42935
-68.85007 -20.81841
-69.09229 -20.20748
-69.33450 -19.59654
-69.57671 -18.98561
-69.81893 -18.37467
-70.06114 -17.76374
-70.30336 -17.15280
-70.54557 -16.54187
-70.78779 -15.93093
-71.03000 -15.32000
-70.77414 -14.81889
-70.51829 -14.31778
-70.26243 -13.81667
-69.82893 -14.34786
-69.39542 -14.87906
-68.96192 -15.41025
-68.52842 -15.94144
-68.09491 -16.47264
-67.66141 -17.00383
-67.22791 -17.53503
-66.79440 -18.06622
-66.36090 -18.59742
-65.92740 -19.12861
-65.49389 -19.65980
-65.06039 -20.19100
-64.62689 -20.72219
-64.04859 -20.43871
-63.47030 -20.15524
-62.89200 -19.87176
-62.31371 -19.58828
-61.73541 -19.30480
-61.15712 -19.02132
-60.57882 -18.73785
-60.31802 -18.13687
-60.05722 -17.53590
-59.79642 -16.93493
-59.53562 -16.33395
-59.27482 -15.73298
-59.01402 -15.13201
-58.75322 -14.53103
-58.06532 -14.57072
-57.37741 -14.61041
-56.68951 -14.65009
-56.00160 -14.68978
-55.31369 -14.72947
-54.62579 -14.76915
-54.35591 -15.35652
-54.08604 -15.94389
-53.81617 -16.53125
-53.54630 -17.11862
-53.27643 -17.70599
-52.65026 -17.45905
-52.02409 -17.21210
-51.39792 -16.96516
-50.77175 -16.71822
-50.14557 -16.47128
-49.51940 -16.22434
-48.89323 -15.97740
-48.26706 -15.73046
-47.64089 -15.48352
-47.44245 -16.11851
-47.24402 -16.75350
-47.04558 -17.38849
-46.84715 -18.02348
-46.64872 -18.65847
-46.45028 -19.29346
-46.25185 -19.92845
-46.05341 -20.56344
-45.39858 -20.68250
-44.74374 -20.80157
-44.08891 -20.92063
-43.43408 -21.03969
-44.01134 -21.37883
-44.58860 -21.71797
-45.16587 -22.05712
-45.74313 -22.39626
-46.32040 -22.73540
-46.89766 -23.07454
-47.47493 -23.41369
-48.05219 -23.75283
-48.62945 -24.09197
-49.20672 -24.43111
-49.78398 -24.77026
-49.81044 -25.40525
-49.83690 -26.04024
-49.86336 -26.67523
-49.88981 -27.31022
-49.91627 -27.94521
-49.94273 -28.58020
-50.64122 -28.50083
-51.33971 -28.42145
-52.03820 -28.34208
-52.73669 -28.26271
-53.43518 -28.18333
-53.57743 -28.80303
-53.71969 -29.42273
-53.86195 -30.04242
-54.00420 -30.66212
-54.14646 -31.28182
-54.28872 -31.90151
-54.43097 -32.52121
-54.57323 -33.14091
-54.71549 -33.76061
-54.85774 -34.38030
-55.00000 -35.00000
-54.15483 -35.00000
-53.30966 -35.00000
-52.46449 -35.00000
-51.61933 -35.00000
-50.77416 -35.00000
-49.92899 -35.00000
-49.08382 -35.00000
-48.23865 -35.00000
-47.39348 -35.00000
-46.54831 -35.00000
-45.70315 -35.00000
-44.85798 -35.00000
-44.01281 -35.00000
-43.16764 -35.00000
-42.32247 -35.00000
-41.47730 -35.00000
-40.63213 -35.00000
-39.78697 -35.00000
-38.94180 -35.00000
-38.09663 -35.00000
-37.25146 -35.00000
-36.40629 -35.00000
-35.56112 -35.00000
-34.71596 -35.00000
-33.87079 -35.00000
-33.02562 -35.00000
-32.18045 -35.00000
-31.33528 -35.00000
-30.49011 -35.00000
-29.64494 -35.00000
-28.79978 -35.00000
-27.95461 -35.00000
-27.10944 -35.00000
-26.26427 -35.00000
-25.41910 -35.00000
-24.57393 -35.00000
-23.72876 -35.00000
-22.88360 -35.00000
-22.03843 -35.00000
-21.19326 -35.00000
-20.34809 -35.00000
-19.50292 -35.00000
-18.65775 -35.00000
-17.81258 -35.00000
-16.96742 -35.00000
-16.12225 -35.00000
-15.27708 -35.00000
-14.43191 -35.00000
-13.58674 -35.00000
-12.74157 -35.00000
-11.89640 -35.00000
-11.05124 -35.00000
-10.20607 -35.00000
 -9.36090 -35.00000
 -8.51573 -35.00000
 -7.67056 -35.00000
 -6.82539 -35.00000
 -5.98022 -35.00000
 -5.13506 -35.00000
 -4.28989 -35.00000
 -3.44472 -35.00000
 -2.59955 -35.00000
 -1.75438 -35.00000
 -0.90921 -35.00000
 -0.06404 -35.00000
  0.78112 -35.00000
  1.62629 -35.00000
  2.47146 -35.00000
  3.31663 -35.00000
  4.16180 -35.00000
  5.00697 -35.00000
  5.85213 -35.00000
  6.69730 -35.00000
  7.54247 -35.00000
  8.38764 -35.00000
  9.23281 -35.00000
 10.07798 -35.00000
 10.92315 -35.00000
 11.76831 -35.00000
 12.61348 -35.00000
 13.45865 -35.00000
 14.30382 -35.00000
 15.14899 -35.00000
 15.99416 -35.00000
 16.83933 -35.00000
 17.68449 -35.00000
 18.52966 -35.00000
 19.37483 -35.00000
 20.22000 -35.00000
