Longitude, Latitude co-ordinates defining the Atlantic sector of the line defining the Southern Ocean catchment. 
Used to release back trajectories. 
 
198  points defined in this file. 

-71.03000 -15.32000
-70.77414 -14.81889
-70.51829 -14.31778
-70.26243 -13.81667
-70.26243 -13.81667
-69.82893 -14.34786
-69.39542 -14.87906
-68.96192 -15.41025
-68.52842 -15.94144
-68.09491 -16.47264
-67.66141 -17.00383
-67.22791 -17.53503
-66.79440 -18.06622
-66.36090 -18.59742
-65.92740 -19.12861
-65.49389 -19.65980
-65.06039 -20.19100
-64.62689 -20.72219
-64.62689 -20.72219
-64.04859 -20.43871
-63.47030 -20.15524
-62.89200 -19.87176
-62.31371 -19.58828
-61.73541 -19.30480
-61.15712 -19.02132
-60.57882 -18.73785
-60.57882 -18.73785
-60.31802 -18.13687
-60.05722 -17.53590
-59.79642 -16.93493
-59.53562 -16.33395
-59.27482 -15.73298
-59.01402 -15.13201
-58.75322 -14.53103
-58.75322 -14.53103
-58.06532 -14.57072
-57.37741 -14.61041
-56.68951 -14.65009
-56.00160 -14.68978
-55.31369 -14.72947
-54.62579 -14.76915
-54.62579 -14.76915
-54.35591 -15.35652
-54.08604 -15.94389
-53.81617 -16.53125
-53.54630 -17.11862
-53.27643 -17.70599
-53.27643 -17.70599
-52.65026 -17.45905
-52.02409 -17.21210
-51.39792 -16.96516
-50.77175 -16.71822
-50.14557 -16.47128
-49.51940 -16.22434
-48.89323 -15.97740
-48.26706 -15.73046
-47.64089 -15.48352
-47.64089 -15.48352
-47.44245 -16.11851
-47.24402 -16.75350
-47.04558 -17.38849
-46.84715 -18.02348
-46.64872 -18.65847
-46.45028 -19.29346
-46.25185 -19.92845
-46.05341 -20.56344
-46.05341 -20.56344
-45.39858 -20.68250
-44.74374 -20.80157
-44.08891 -20.92063
-43.43408 -21.03969
-43.43408 -21.03969
-44.01134 -21.37883
-44.58860 -21.71797
-45.16587 -22.05712
-45.74313 -22.39626
-46.32040 -22.73540
-46.89766 -23.07454
-47.47493 -23.41369
-48.05219 -23.75283
-48.62945 -24.09197
-49.20672 -24.43111
-49.78398 -24.77026
-49.78398 -24.77026
-49.81044 -25.40525
-49.83690 -26.04024
-49.86336 -26.67523
-49.88981 -27.31022
-49.91627 -27.94521
-49.94273 -28.58020
-49.94273 -28.58020
-50.64122 -28.50083
-51.33971 -28.42145
-52.03820 -28.34208
-52.73669 -28.26271
-53.43518 -28.18333
-53.43518 -28.18333
-53.57743 -28.80303
-53.71969 -29.42273
-53.86195 -30.04242
-54.00420 -30.66212
-54.14646 -31.28182
-54.28872 -31.90151
-54.43097 -32.52121
-54.57323 -33.14091
-54.71549 -33.76061
-54.85774 -34.38030
-55.00000 -35.00000 
-55.00000 -35.00000
-54.15483 -35.00000
-53.30966 -35.00000
-52.46449 -35.00000
-51.61933 -35.00000
-50.77416 -35.00000
-49.92899 -35.00000
-49.08382 -35.00000
-48.23865 -35.00000
-47.39348 -35.00000
-46.54831 -35.00000
-45.70315 -35.00000
-44.85798 -35.00000
-44.01281 -35.00000
-43.16764 -35.00000
-42.32247 -35.00000
-41.47730 -35.00000
-40.63213 -35.00000
-39.78697 -35.00000
-38.94180 -35.00000
-38.09663 -35.00000
-37.25146 -35.00000
-36.40629 -35.00000
-35.56112 -35.00000
-34.71596 -35.00000
-33.87079 -35.00000
-33.02562 -35.00000
-32.18045 -35.00000
-31.33528 -35.00000
-30.49011 -35.00000
-29.64494 -35.00000
-28.79978 -35.00000
-27.95461 -35.00000
-27.10944 -35.00000
-26.26427 -35.00000
-25.41910 -35.00000
-24.57393 -35.00000
-23.72876 -35.00000
-22.88360 -35.00000
-22.03843 -35.00000
-21.19326 -35.00000
-20.34809 -35.00000
-19.50292 -35.00000
-18.65775 -35.00000
-17.81258 -35.00000
-16.96742 -35.00000
-16.12225 -35.00000
-15.27708 -35.00000
-14.43191 -35.00000
-13.58674 -35.00000
-12.74157 -35.00000
-11.89640 -35.00000
-11.05124 -35.00000
-10.20607 -35.00000
 -9.36090 -35.00000
 -8.51573 -35.00000
 -7.67056 -35.00000
 -6.82539 -35.00000
 -5.98022 -35.00000
 -5.13506 -35.00000
 -4.28989 -35.00000
 -3.44472 -35.00000
 -2.59955 -35.00000
 -1.75438 -35.00000
 -0.90921 -35.00000
 -0.06404 -35.00000
  0.78112 -35.00000
  1.62629 -35.00000
  2.47146 -35.00000
  3.31663 -35.00000
  4.16180 -35.00000
  5.00697 -35.00000
  5.85213 -35.00000
  6.69730 -35.00000
  7.54247 -35.00000
  8.38764 -35.00000
  9.23281 -35.00000
 10.07798 -35.00000
 10.92315 -35.00000
 11.76831 -35.00000
 12.61348 -35.00000
 13.45865 -35.00000
 14.30382 -35.00000
 15.14899 -35.00000
 15.99416 -35.00000
 16.83933 -35.00000
 17.68449 -35.00000
 18.52966 -35.00000
 19.37483 -35.00000
 20.22000 -35.00000
