Longitude, Latitude co-ordinates defining the Indian sector of the line defining the Southern Ocean catchment. 
Used to release back trajectories. 
 
195  points defined in this file. 
 
 20.22000 -35.00000
 21.08205 -35.00000
 21.94411 -35.00000
 22.80616 -35.00000
 23.66821 -35.00000
 24.53027 -35.00000
 25.39232 -35.00000
 26.25437 -35.00000
 27.11643 -35.00000
 27.97848 -35.00000
 28.84054 -35.00000
 29.70259 -35.00000
 30.56464 -35.00000
 31.42670 -35.00000
 32.28875 -35.00000
 33.15080 -35.00000
 34.01286 -35.00000
 34.87491 -35.00000
 35.73696 -35.00000
 36.59902 -35.00000
 37.46107 -35.00000
 38.32312 -35.00000
 39.18518 -35.00000
 40.04723 -35.00000
 40.90929 -35.00000
 41.77134 -35.00000
 42.63339 -35.00000
 43.49545 -35.00000
 44.35750 -35.00000
 45.21955 -35.00000
 46.08161 -35.00000
 46.94366 -35.00000
 47.80571 -35.00000
 48.66777 -35.00000
 49.52982 -35.00000
 50.39187 -35.00000
 51.25393 -35.00000
 52.11598 -35.00000
 52.97804 -35.00000
 53.84009 -35.00000
 54.70214 -35.00000
 55.56420 -35.00000
 56.42625 -35.00000
 57.28830 -35.00000
 58.15036 -35.00000
 59.01241 -35.00000
 59.87446 -35.00000
 60.73652 -35.00000
 61.59857 -35.00000
 62.46063 -35.00000
 63.32268 -35.00000
 64.18473 -35.00000
 65.04679 -35.00000
 65.90884 -35.00000
 66.77089 -35.00000
 67.63295 -35.00000
 68.49500 -35.00000
 69.35705 -35.00000
 70.21911 -35.00000
 71.08116 -35.00000
 71.94321 -35.00000
 72.80527 -35.00000
 73.66732 -35.00000
 74.52938 -35.00000
 75.39143 -35.00000
 76.25348 -35.00000
 77.11554 -35.00000
 77.97759 -35.00000
 78.83964 -35.00000
 79.70170 -35.00000
 80.56375 -35.00000
 81.42580 -35.00000
 82.28786 -35.00000
 83.14991 -35.00000
 84.01196 -35.00000
 84.87402 -35.00000
 85.73607 -35.00000
 86.59812 -35.00000
 87.46018 -35.00000
 88.32223 -35.00000
 89.18429 -35.00000
 90.04634 -35.00000
 90.90839 -35.00000
 91.77045 -35.00000
 92.63250 -35.00000
 93.49455 -35.00000
 94.35661 -35.00000
 95.21866 -35.00000
 96.08071 -35.00000
 96.94277 -35.00000
 97.80482 -35.00000
 98.66688 -35.00000
 99.52893 -35.00000
100.39098 -35.00000
101.25304 -35.00000
102.11509 -35.00000
102.97714 -35.00000
103.83920 -35.00000
104.70125 -35.00000
105.56330 -35.00000
106.42536 -35.00000
107.28741 -35.00000
108.14946 -35.00000
109.01152 -35.00000
109.87357 -35.00000
110.73562 -35.00000
111.59768 -35.00000
112.45973 -35.00000
113.32179 -35.00000
114.18384 -35.00000
115.04589 -35.00000
115.90795 -35.00000
116.77000 -35.00000
116.77000 -35.00000
117.29938 -34.56292
117.82875 -34.12583
118.35813 -33.68875
118.88751 -33.25166
119.41689 -32.81458
119.94626 -32.37750
120.47564 -31.94041
121.00502 -31.50333
121.00502 -31.50333
120.49695 -31.04009
119.98887 -30.57684
119.48080 -30.11360
118.97273 -29.65036
118.46466 -29.18712
118.46466 -29.18712
118.62904 -28.52961
118.79341 -27.87211
118.95779 -27.21461
119.12216 -26.55710
119.28654 -25.89960
119.28654 -25.89960
119.85225 -26.19846
120.41796 -26.49733
120.98367 -26.79619
121.54938 -27.09506
122.11509 -27.39392
122.68080 -27.69279
123.24651 -27.99166
123.24651 -27.99166
123.57028 -27.44374
123.89405 -26.89582
124.21782 -26.34789
124.54159 -25.79997
124.86537 -25.25205
125.18914 -24.70413
125.18914 -24.70413
125.86989 -24.86187
126.55064 -25.01960
127.23138 -25.17734
127.91213 -25.33507
128.59288 -25.49281
129.27363 -25.65054
129.95438 -25.80828
130.63513 -25.96601
131.31588 -26.12375
131.31588 -26.12375
131.37192 -25.56337
131.42796 -25.00300
131.48399 -24.44263
131.54003 -23.88225
131.54003 -23.88225
132.19380 -23.78886
132.84757 -23.69546
133.50134 -23.60207
134.15510 -23.50867
134.15510 -23.50867
134.50378 -22.99396
134.85246 -22.47925
135.20113 -21.96453
135.54981 -21.44982
135.89849 -20.93511
136.24716 -20.42039
136.59584 -19.90568
136.94452 -19.39097
137.29319 -18.87625
137.29319 -18.87625
137.80687 -19.28719
138.32054 -19.69813
138.83422 -20.10908
139.34789 -20.52002
139.86157 -20.93096
140.37525 -21.34190
140.88892 -21.75284
141.40260 -22.16378
141.40260 -22.16378
141.99716 -21.88315
142.59173 -21.60252
143.18630 -21.32189
143.78087 -21.04126
144.37543 -20.76063
144.97000 -20.48000
