Longitude, Latitude co-ordinates defining the Pacific sector of the line defining the Southern Ocean catchment. 
Used to release back trajectories. 
 
212  points defined in this file. 

144.97000 -20.48000
145.26329 -21.04437
145.55658 -21.60875
145.84988 -22.17312
146.14317 -22.73750
146.43646 -23.30187
146.72975 -23.86625
147.02305 -24.43062
147.31634 -24.99500
147.60963 -25.55937
147.90292 -26.12375
148.57537 -26.18352
149.24782 -26.24329
149.92027 -26.30307
150.59271 -26.36284
151.26516 -26.42261
151.58271 -26.92695
151.90025 -27.43128
152.21780 -27.93562
152.53534 -28.43995
152.26576 -29.03632
151.99619 -29.63269
151.72661 -30.22906
151.45703 -30.82543
151.18746 -31.42179
150.91788 -32.01816
150.64831 -32.61453
150.37873 -33.21090
150.10915 -33.80726
149.83958 -34.40363
149.57000 -35.00000
150.50373 -35.00000
151.43747 -35.00000
152.37120 -35.00000
153.30493 -35.00000
154.23867 -35.00000
155.17240 -35.00000
156.10613 -35.00000
157.03987 -35.00000
157.97360 -35.00000
158.90733 -35.00000
159.84107 -35.00000
160.77480 -35.00000
161.70853 -35.00000
162.64227 -35.00000
163.57600 -35.00000
164.50973 -35.00000
165.44347 -35.00000
166.37720 -35.00000
167.31093 -35.00000
168.24467 -35.00000
169.17840 -35.00000
170.11213 -35.00000
171.04587 -35.00000
171.97960 -35.00000
172.91333 -35.00000
173.84707 -35.00000
174.78080 -35.00000
175.71453 -35.00000
176.64827 -35.00000
177.58200 -35.00000
178.51573 -35.00000
179.44947 -35.00000
180.38320 -35.00000
181.31693 -35.00000
182.25067 -35.00000
183.18440 -35.00000
184.11813 -35.00000
185.05187 -35.00000
185.98560 -35.00000
186.91933 -35.00000
187.85307 -35.00000
188.78680 -35.00000
189.72053 -35.00000
190.65427 -35.00000
191.58800 -35.00000
192.52173 -35.00000
193.45547 -35.00000
194.38920 -35.00000
195.32293 -35.00000
196.25667 -35.00000
197.19040 -35.00000
198.12413 -35.00000
199.05787 -35.00000
199.99160 -35.00000
200.92533 -35.00000
201.85907 -35.00000
202.79280 -35.00000
203.72653 -35.00000
204.66027 -35.00000
205.59400 -35.00000
206.52773 -35.00000
207.46147 -35.00000
208.39520 -35.00000
209.32893 -35.00000
210.26267 -35.00000
211.19640 -35.00000
212.13013 -35.00000
213.06387 -35.00000
213.99760 -35.00000
214.93133 -35.00000
215.86507 -35.00000
216.79880 -35.00000
217.73253 -35.00000
218.66627 -35.00000
219.60000 -35.00000
220.53373 -35.00000
221.46747 -35.00000
222.40120 -35.00000
223.33493 -35.00000
224.26867 -35.00000
225.20240 -35.00000
226.13613 -35.00000
227.06987 -35.00000
228.00360 -35.00000
228.93733 -35.00000
229.87107 -35.00000
230.80480 -35.00000
231.73853 -35.00000
232.67227 -35.00000
233.60600 -35.00000
234.53973 -35.00000
235.47347 -35.00000
236.40720 -35.00000
237.34093 -35.00000
238.27467 -35.00000
239.20840 -35.00000
240.14213 -35.00000
241.07587 -35.00000
242.00960 -35.00000
242.94333 -35.00000
243.87707 -35.00000
244.81080 -35.00000
245.74453 -35.00000
246.67827 -35.00000
247.61200 -35.00000
248.54573 -35.00000
249.47947 -35.00000
250.41320 -35.00000
251.34693 -35.00000
252.28067 -35.00000
253.21440 -35.00000
254.14813 -35.00000
255.08187 -35.00000
256.01560 -35.00000
256.94933 -35.00000
257.88307 -35.00000
258.81680 -35.00000
259.75053 -35.00000
260.68427 -35.00000
261.61800 -35.00000
262.55173 -35.00000
263.48547 -35.00000
264.41920 -35.00000
265.35293 -35.00000
266.28667 -35.00000
267.22040 -35.00000
268.15413 -35.00000
269.08787 -35.00000
270.02160 -35.00000
270.95533 -35.00000
271.88907 -35.00000
272.82280 -35.00000
273.75653 -35.00000
274.69027 -35.00000
275.62400 -35.00000
276.55773 -35.00000
277.49147 -35.00000
278.42520 -35.00000
279.35893 -35.00000
280.29267 -35.00000
281.22640 -35.00000
282.16013 -35.00000
283.09387 -35.00000
284.02760 -35.00000
284.96133 -35.00000
285.89507 -35.00000
286.82880 -35.00000
287.76253 -35.00000
288.69627 -35.00000
289.63000 -35.00000
289.76827 -34.34790
289.90653 -33.69579
290.04480 -33.04369
290.18306 -32.39159
290.32133 -31.73949
290.45960 -31.08738
290.59786 -30.43528
290.73613 -29.78318
290.87439 -29.13108
291.01266 -28.47897
291.15092 -27.82687
291.28919 -27.17477
291.42746 -26.52267
291.56572 -25.87056
291.70399 -25.21846
291.84225 -24.56636
291.98052 -23.91426
292.11879 -23.26215
291.87657 -22.65122
291.63436 -22.04028
291.39214 -21.42935
291.14993 -20.81841
290.90771 -20.20748
290.66500 -19.59654
290.42329 -18.98561
290.18107 -18.37467
289.93886 -17.76374
288.69664 -17.15280
289.45443 -16.54187
289.21221 -15.93093
288.97000 -15.32000
